return {{cf={135.57958984375,3.9999992847442627,-56.81914138793945,0.4222692847251892,4.9013877401193895e-08,0.9064704179763794,-3.517212121550983e-08,1,-3.768658274339032e-08,-0.9064704179763794,-1.5968602440352697e-08,0.4222692847251892},dt=0.018488616013200954},{cf={135.57958984375,3.9999992847442627,-56.81914138793945,0.4222692847251892,2.166328094688197e-08,0.9064704179763794,-1.5741028036586613e-08,1,-1.6565712357419216e-08,-0.9064704179763794,-7.273585289624407e-09,0.4222692847251892},dt=0.01541900000302121},{cf={135.57958984375,3.9999992847442627,-56.81914138793945,0.4143448770046234,1.1013958634009668e-09,0.9101199507713318,-1.317260855948632e-09,1,-6.104641236959196e-10,-0.9101199507713318,-9.45922673523114e-10,0.4143448770046234},dt=0.011305845982860774},{cf={135.57958984375,3.9999992847442627,-56.81914138793945,0.41434475779533386,-1.9383072924483713e-08,0.9101200103759766,1.3097260165295666e-08,1,1.5334562064595048e-08,-0.9101200103759766,5.566282990088212e-09,0.41434475779533386},dt=0.013135768997017294},{cf={135.57958984375,3.9999992847442627,-56.81914138793945,0.4143448770046234,-4.6675278753127714e-08,0.9101199507713318,3.2302249763915825e-08,1,3.657870095707949e-08,-0.9101199507713318,1.4242725221436103e-08,0.4143448770046234},dt=0.018398385000182316},{cf={135.57958984375,3.9999992847442627,-56.81914138793945,0.40847086906433105,-7.385140321503059e-08,0.9127713441848755,5.135362712849201e-08,1,5.792791668568498e-08,-0.9127713441848755,2.321225345269795e-08,0.40847086906433105},dt=0.014820307027548552},{cf={135.57958984375,3.9999992847442627,-56.81914138793945,0.4045850336551666,-1.0099758895876221e-07,0.91450035572052,7.029782267409246e-08,1,7.933964951689632e-08,-0.91450035572052,3.218774935476176e-08,0.4045850336551666},dt=0.016192922979826108},{cf={135.57958984375,3.9999992847442627,-56.81914138793945,0.4045850336551666,-9.46945419855183e-08,0.91450035572052,6.589750967123109e-08,1,7.439405180775793e-08,-0.91450035572052,3.0164578390667884e-08,0.4045850336551666},dt=0.019649231020594016},{cf={135.57958984375,3.9999992847442627,-56.81914138793945,0.4045850336551666,-5.488589849278469e-08,0.91450035572052,3.8182637496220195e-08,1,4.312494183977833e-08,-0.91450035572052,1.747033095966799e-08,0.4045850336551666},dt=0.016713538992917165},{cf={135.63084411621094,4.549984455108643,-56.707542419433594,0.4091438055038452,-0.02188526839017868,0.9122074246406555,-0.030612807720899582,0.9988203048706055,0.03769372031092644,-0.911956250667572,-0.04334738105535507,0.4079911708831787},dt=0.031500999990385026},{cf={135.67945861816406,4.1837568283081055,-56.60361862182617,0.3743380904197693,-0.01695879176259041,0.9271371960639954,-0.022757994011044502,0.9993635416030884,0.027468623593449593,-0.9270129799842834,-0.03138233348727226,0.3737139105796814},dt=0.019092923001153395},{cf={135.68649291992188,3.8992996215820312,-56.5887565612793,0.3696134388446808,0.0029122724663466215,0.9291810393333435,0.00373180047608912,0.9999823570251465,-0.004618631210178137,-0.9291781187057495,0.005174626596271992,0.36959606409072876},dt=0.01355046100798063},{cf={135.68450927734375,3.906280994415283,-56.5922966003418,0.36283808946609497,0.00710956659168005,0.9318251013755798,0.009499358013272285,0.9998907446861267,-0.011327789165079594,-0.9318037629127502,0.01296189334243536,0.36273089051246643},dt=0.018038462003460154},{cf={135.68409729003906,3.9503166675567627,-56.59306335449219,0.3576244115829468,0.0008806444820947945,0.9338650703430176,0.0011891847243532538,0.9999983310699463,-0.0013984080869704485,-0.9338647723197937,0.0016106429975479841,0.35762277245521545},dt=0.01916553798946552},{cf={135.6844024658203,4.614736557006836,-56.59256362915039,0.34548214077949524,-0.0018017248949036002,0.9384235739707947,-0.00245731882750988,0.9999929666519165,0.002824600785970688,-0.9384220838546753,-0.003281855257228017,0.34547528624534607},dt=0.012659922998864204},{cf={135.73590087890625,4.868105411529541,-56.473331451416016,0.35378026962280273,-0.05543314293026924,0.9336844682693481,-0.07782891392707825,0.9930356740951538,0.08844681829214096,-0.932084858417511,-0.1039583832025528,0.3470021188259125},dt=0.019406847015488893},{cf={136.00062561035156,5.087113380432129,-55.941192626953125,0.37213173508644104,-0.16548505425453186,0.9133086204528809,-0.2645155191421509,0.9242671132087708,0.2752487063407898,-0.8896906971931458,-0.3440130949020386,0.3001757562160492},dt=0.016309537983033806},{cf={136.46694946289062,5.7975568771362305,-54.99562072753906,0.42282548546791077,-0.3058195412158966,0.8530492186546326,-0.5059090852737427,0.7013292908668518,0.5021884441375732,-0.7518474459648132,-0.6439034342765808,0.14182300865650177},dt=0.017783307994250208},{cf={136.9584197998047,6.680489540100098,-53.994384765625,0.5687639713287354,-0.30292168259620667,0.7646868824958801,-0.6716981530189514,0.36549562215805054,0.6443869471549988,-0.47468850016593933,-0.8801428079605103,0.004408815875649452},dt=0.01907846101676114},{cf={137.58692932128906,7.952549934387207,-52.641021728515625,0.6725943684577942,-0.04138218238949776,0.738853394985199,-0.5095086693763733,0.6981911063194275,0.5029215812683105,-0.5366728901863098,-0.7147144079208374,0.44851478934288025},dt=0.015047384978970513},{cf={137.9755096435547,8.683629989624023,-51.80080795288086,0.480890691280365,-0.12412668019533157,0.8679497241973877,-0.25876152515411377,0.925742506980896,0.2757594585418701,-0.8377270698547363,-0.3572021722793579,0.4130617380142212},dt=0.011871460999827832},{cf={138.52220153808594,9.502188682556152,-51.015018463134766,0.37536031007766724,-0.06931509077548981,0.924283504486084,-0.16267821192741394,0.9767938852310181,0.13931818306446075,-0.9124913215637207,-0.20265531539916992,0.3553735911846161},dt=0.01888830802636221},{cf={139.13963317871094,9.260784149169922,-50.651123046875,0.4107048809528351,-0.07485931366682053,0.9086900353431702,-0.13820786774158478,0.9799960851669312,0.1432000696659088,-0.9012325406074524,-0.18440108001232147,0.39214301109313965},dt=0.01823753898497671},{cf={139.73387145996094,9.032401084899902,-50.44051742553711,0.388425350189209,-0.039444055408239365,0.9206355810165405,-0.09172332286834717,0.9924666285514832,0.0812205970287323,-0.9169037938117981,-0.11599189043045044,0.3818812668323517},dt=0.014531922992318869},{cf={140.2628936767578,8.758261680603027,-50.172122955322266,0.3288384974002838,-0.01244165189564228,0.9443042278289795,-0.026169175282120705,0.9994091987609863,0.022280672565102577,-0.9440235495567322,-0.032038405537605286,0.32831862568855286},dt=0.01817384600872174},{cf={140.749755859375,8.4278564453125,-49.934898376464844,0.3215048015117645,-0.0005271336412988603,0.9469078183174133,-0.001651118160225451,0.9999980330467224,0.001117294654250145,-0.9469065070152283,-0.0019226722652092576,0.32150331139564514},dt=0.017798537999624386},{cf={141.19784545898438,8.042787551879883,-49.72169876098633,0.3211025893688202,0.0012187534011900425,0.9470436573028564,0.002249922836199403,0.9999953508377075,-0.0020497513469308615,-0.9470417499542236,0.0027889555785804987,0.3210983872413635},dt=0.012770385015755892},{cf={141.60940551757812,7.603220462799072,-49.52715301513672,0.3211230933666229,0.0006346257869154215,0.9470372796058655,0.001249864581041038,0.9999986290931702,-0.0010939224157482386,-0.947036623954773,0.0015349520836025476,0.32112184166908264},dt=0.016497614997206256},{cf={141.9850311279297,7.109152793884277,-49.34957504272461,0.32112348079681396,0.00015779095701873302,0.9470373392105103,0.0003281316894572228,0.9999998807907104,-0.000277878949418664,-0.9470372796058655,0.00039998642751015723,0.3211233913898468},dt=0.01921538499300368},{cf={142.32485961914062,6.560585021972656,-49.18878173828125,0.32112258672714233,8.91802471869596e-07,0.9470376372337341,0.000009930926353263203,1,-0.000004309065388952149,-0.9470376372337341,0.000010788699000841007,0.32112258672714233},dt=0.01696823100792244},{cf={142.62884521484375,5.957517147064209,-49.044891357421875,0.3211239278316498,-0.000017823998859967105,0.9470371603965759,-0.000033264212106587365,1,0.00003010012187587563,-0.9470371603965759,-0.00004116831405553967,0.3211239278316498},dt=0.0167434609902557},{cf={142.89694213867188,5.2999491691589355,-48.91797637939453,0.3149953782558441,-0.000008625152077001985,0.949093222618103,-0.000016801926904008724,1,0.000014664188711321913,-0.949093222618103,-0.000020565747036016546,0.3149953782558441},dt=0.016371384990634397},{cf={143.12911987304688,4.587880611419678,-48.80805969238281,0.31499481201171875,-0.000001968024662346579,0.9490934014320374,-0.000004062069365318166,1,0.000003421744850129471,-0.9490934014320374,-0.000004933115178573644,0.31499481201171875},dt=0.01563876899308525},{cf={143.2058563232422,3.821312665939331,-48.771728515625,0.3149963915348053,0.0000014640534118370852,0.9490928649902344,0.0000028305787509452784,1,-0.0000024820285489113303,-0.9490928649902344,0.0000034683121157286223,0.3149963915348053},dt=0.018288846011273563},{cf={143.20794677734375,3.7191269397735596,-48.77074432373047,0.31499481201171875,5.408738843470928e-07,0.9490934014320374,0.0000011329343578836415,1,-9.458946124141221e-07,-0.9490934014320374,0.0000013732123989029787,0.31499481201171875},dt=0.019151462009176612},{cf={143.2079620361328,3.826411008834839,-48.77073669433594,0.30588236451148987,-1.6291126314627036e-07,0.9520692825317383,-3.1098340969037963e-07,1,2.7102606736661983e-07,-0.9520692825317383,-3.7897987681390077e-07,0.30588236451148987},dt=0.021920230996329337},{cf={143.2079620361328,4.691868782043457,-48.77073669433594,0.3058815896511078,-4.1047903209801007e-07,0.9520695805549622,-8.257097192654328e-07,1,6.964285148569616e-07,-0.9520695805549622,-9.991576916945633e-07,0.3058815896511078},dt=0.014726845984114334},{cf={143.2079620361328,5.305196285247803,-48.77073669433594,0.3058815896511078,-3.2227069368673256e-07,0.9520695805549622,-6.523080742226739e-07,1,5.480688969328185e-07,-0.9520695805549622,-7.886868615969433e-07,0.3058815896511078},dt=0.010516538022784516},{cf={143.2079620361328,6.0752787590026855,-48.77073669433594,0.3058827221393585,-1.1745920858174941e-07,0.9520692229270935,-2.412574815480184e-07,1,2.008842443501635e-07,-0.9520692229270935,-2.9114085009496193e-07,0.3058827221393585},dt=0.01338653897983022},{cf={143.2079620361328,6.790861129760742,-48.77073669433594,0.3058822751045227,-1.0457577026556919e-08,0.9520693421363831,-2.3266895965434742e-08,1,1.8459273221083095e-08,-0.9520693421363831,-2.779806251851369e-08,0.3058822751045227},dt=0.0199412300135009},{cf={143.2079620361328,7.451943397521973,-48.77073669433594,0.3058820366859436,2.8558336140349638e-08,0.9520694017410278,5.735989461186364e-08,1,-4.842472378641105e-08,-0.9520694017410278,6.942285324385011e-08,0.3058820366859436},dt=0.018298999988473952},{cf={143.2079620361328,8.201656341552734,-48.77073669433594,0.3058815896511078,4.6591544844432065e-08,0.9520695805549622,9.528469746555857e-08,1,-7.955026148920297e-08,-0.9520695805549622,1.1505061792149718e-07,0.3058815896511078},dt=0.021137539006303996},{cf={143.2079620361328,8.866211891174316,-48.77073669433594,0.3058812618255615,4.4371358143280304e-08,0.9520696997642517,9.157909630630456e-08,1,-7.602771745496284e-08,-0.9520696997642517,1.1044513570368508e-07,0.3058812618255615},dt=0.017512999998871237},{cf={143.2079620361328,9.336544036865234,-48.77073669433594,0.30588239431381226,4.259674923901002e-08,0.9520692825317383,8.861746891852817e-08,1,-7.321239792190681e-08,-0.9520692825317383,1.0676435380219118e-07,0.30588239431381226},dt=0.02111407701158896},{cf={143.2079620361328,9.847818374633789,-48.77073669433594,0.3058812618255615,4.038091816482847e-08,0.9520696401596069,8.491900871376856e-08,1,-6.96966395707932e-08,-0.9520696401596069,1.0216771073601194e-07,0.3058812618255615},dt=0.018137614999432117},{cf={143.2079620361328,10.028484344482422,-48.77073669433594,0.30588093400001526,3.9495233750130865e-08,0.9520697593688965,8.344073165744703e-08,1,-6.829138499142573e-08,-0.9520697593688965,1.0033042485702026e-07,0.30588093400001526},dt=0.007456230989191681},{cf={143.2079620361328,10.348941802978516,-48.77073669433594,0.3058823049068451,3.772478152086478e-08,0.9520693421363831,8.048606048305373e-08,1,-6.548267350581227e-08,-0.9520693421363831,9.665830447147528e-08,0.3058823049068451},dt=0.016735076991608366},{cf={143.2079620361328,10.553519248962402,-48.77073669433594,0.30588072538375854,3.639820889134171e-08,0.9520698189735413,7.827171089047624e-08,1,-6.33777190728324e-08,-0.9520698189735413,9.390615929305568e-08,0.30588072538375854},dt=0.01348284599953331},{cf={143.2079620361328,10.91164779663086,-48.77073669433594,0.3058820962905884,3.3305653346360486e-08,0.9520694017410278,7.311042793389788e-08,1,-5.8471393060699484e-08,-0.9520694017410278,8.749155711029744e-08,0.3058820962905884},dt=0.030333538015838712}}
