return {{cf={135.551025390625,3.9999992847442627,-57.273765563964844,0.48692405223846436,2.1418623319391372e-08,0.8734443187713623,-1.0405861416984408e-07,1,3.3488131379044717e-08,-0.8734443187713623,-1.0719558218852399e-07,0.48692405223846436},dt=0.009819384984439239},{cf={135.551025390625,3.9999992847442627,-57.273765563964844,0.48692405223846436,1.4528518832435111e-08,0.8734443187713623,-7.050413586284776e-08,1,2.2670754162845697e-08,-0.8734443187713623,-7.26203737144715e-08,0.48692405223846436},dt=0.018230768997455016},{cf={135.551025390625,3.9999992847442627,-57.273765563964844,0.48692405223846436,9.36480493152203e-09,0.8734443187713623,-4.535709052788661e-08,1,1.4563782180232465e-08,-0.8734443187713623,-4.670834741204999e-08,0.48692405223846436},dt=0.012311308004427701},{cf={135.551025390625,3.9999992847442627,-57.273765563964844,0.48692405223846436,2.485002870145081e-09,0.8734443187713623,-1.1852759662644985e-08,1,3.762564926290679e-09,-0.8734443187713623,-1.2184808717563556e-08,0.48692405223846436},dt=0.02017453798907809},{cf={135.551025390625,3.9999992847442627,-57.273765563964844,0.48692405223846436,-6.106484207180074e-09,0.8734443187713623,2.9987404559506103e-08,1,-9.725983574071506e-09,-0.8734443187713623,3.092814537808408e-08,0.48692405223846436},dt=0.019144923018757254},{cf={135.551025390625,3.9999992847442627,-57.273765563964844,0.48692405223846436,-1.2973067065047417e-08,0.8734443187713623,6.342737179920732e-08,1,-2.0506453424218307e-08,-0.8734443187713623,6.538536467814993e-08,0.48692405223846436},dt=0.014410770003451034},{cf={135.551025390625,3.9999992847442627,-57.273765563964844,0.48692405223846436,-1.811915417704313e-08,0.8734443187713623,8.848859778254337e-08,1,-2.8585763089949978e-08,-0.8734443187713623,9.120896038439241e-08,0.48692405223846436},dt=0.015694075991632417},{cf={135.551025390625,3.9999992847442627,-57.273765563964844,0.48692405223846436,-2.1434374275486334e-08,0.8734443187713623,1.0460332333650513e-07,1,-3.377376245339292e-08,-0.8734443187713623,1.0781043613405927e-07,0.48692405223846436},dt=0.014521615987177938},{cf={135.551025390625,3.9999992847442627,-57.273765563964844,0.49793770909309387,-1.5490538629592265e-08,0.8672128319740295,6.904948435249025e-08,1,-2.178450664303e-08,-0.8672128319740295,7.072792840290276e-08,0.49793770909309387},dt=0.019440846022916958},{cf={135.551025390625,3.9999992847442627,-57.273765563964844,0.49793770909309387,-8.190419897857737e-09,0.8672128319740295,3.352599975414705e-08,1,-9.805482648062025e-09,-0.8672128319740295,3.3956695233428036e-08,0.49793770909309387},dt=0.01352399997995235},{cf={135.551025390625,3.9999992847442627,-57.273765563964844,0.49793770909309387,-8.965359010737473e-10,0.8672128319740295,-1.96715888023391e-09,1,2.1633195235182257e-09,-0.8672128319740295,-2.783143715490155e-09,0.49793770909309387},dt=0.018188999994890764},{cf={135.551025390625,4.875675678253174,-57.273765563964844,0.49793770909309387,6.391119189430583e-09,0.8672128319740295,-3.743001997236206e-08,1,1.4121906311004295e-08,-0.8672128319740295,-3.9491620640319525e-08,0.49793770909309387},dt=0.018074385006912053},{cf={135.57656860351562,4.543576240539551,-57.24174118041992,0.5003129243850708,-0.004992302507162094,0.8658303022384644,-0.002235464286059141,0.9999725818634033,0.007057500071823597,-0.865841805934906,-0.005466490983963013,0.5002880096435547},dt=0.014761614991584793},{cf={135.5796356201172,4.0642571449279785,-57.23795700073242,0.4982280731201172,0.0005988955963402987,0.8670458197593689,0.0002592210948932916,0.9999996423721313,-0.0008396864286623895,-0.8670459985733032,0.0006431119400076568,0.4982277452945709},dt=0.017648615001235157},{cf={135.57928466796875,3.8780016899108887,-57.238338470458984,0.4979521930217743,0.0019025889923796058,0.8672024011611938,0.000848341966047883,0.9999960660934448,-0.0026810525450855494,-0.8672040700912476,0.0020707203075289726,0.49794861674308777},dt=0.01802915401640348},{cf={135.57901000976562,3.9037442207336426,-57.238624572753906,0.49794068932533264,0.0004489788261707872,0.8672109842300415,0.00020190839131828398,0.9999997615814209,-0.0006336602382361889,-0.8672110438346863,0.0004906223621219397,0.4979404807090759},dt=0.017267461982555687},{cf={135.5790557861328,4.568165302276611,-57.23859786987305,0.4979362189769745,-0.00040647273999638855,0.8672135472297668,-0.00018063581956084818,0.9999998211860657,0.0005724285147152841,-0.8672136664390564,-0.00044168272870592773,0.49793604016304016},dt=0.016558692004764453},{cf={135.60629272460938,4.825090408325195,-57.22134780883789,0.4986684024333954,-0.010659517720341682,0.8667272925376892,-0.00029400107450783253,0.9999222159385681,0.01246677991002798,-0.8667927980422974,-0.006471607834100723,0.4986265003681183},dt=0.015234846010571346},{cf={135.7450714111328,4.833998203277588,-57.224998474121094,0.4962596297264099,-0.06238243356347084,0.8659300208091736,0.026395509019494057,0.9980381727218628,0.056772515177726746,-0.8677728176116943,-0.005317241884768009,0.49693265557289124},dt=0.017815922998124734},{cf={136.49969482421875,4.992016315460205,-57.225852966308594,0.47460612654685974,-0.34240707755088806,0.8108677268028259,0.16786837577819824,0.9395353198051453,0.2984854280948639,-0.8640424013137817,-0.005543963052332401,0.503388524055481},dt=0.024267385015264153},{cf={137.25347900390625,5.440780162811279,-57.25324249267578,0.4000955820083618,-0.6092214584350586,0.6846697926521301,0.29578882455825806,0.7929290533065796,0.5327029824256897,-0.8674286603927612,-0.010614439845085144,0.49744829535484314},dt=0.011611153982812539},{cf={138.0476531982422,6.095964431762695,-57.29262924194336,0.24720492959022522,-0.8430672287940979,0.4776268005371094,0.37103208899497986,0.537716269493103,0.7570973634719849,-0.8951116800308228,-0.009943325072526932,0.44573110342025757},dt=0.012610153993591666},{cf={139.14707946777344,6.9790358543396,-57.348899841308594,-0.038242802023887634,-0.9902278184890747,0.13411301374435425,0.3645118772983551,0.11113931983709335,0.9245426654815674,-0.9304131269454956,0.08424288779497147,0.35669952630996704},dt=0.016590692015597597},{cf={140.2901611328125,8.003119468688965,-57.413734436035156,-0.5315014123916626,-0.6999055743217468,0.4771147072315216,0.2529345154762268,0.40642645955085754,0.8779758810997009,-0.8084122538566589,0.5873242020606995,-0.0389859601855278},dt=0.017246768984477967},{cf={141.49566650390625,9.047161102294922,-57.47185134887695,0.1436975747346878,-0.5096639394760132,0.8482886552810669,0.07408875226974487,0.8603197336196899,0.5043419599533081,-0.9868444204330444,-0.009624065831303596,0.16138623654842377},dt=0.014311077015008777},{cf={142.6482696533203,9.952912330627441,-57.48294448852539,0.4922473132610321,-0.1176343634724617,0.8624701499938965,-0.03044632263481617,0.987893283367157,0.15211810171604156,-0.8699227571487427,-0.10113877058029175,0.4827062785625458},dt=0.01795884600142017},{cf={143.69430541992188,10.772075653076172,-57.49383544921875,0.5130144357681274,0.0026528474409133196,0.8583758473396301,-0.024431880563497543,0.9996352195739746,0.011512471362948418,-0.8580322265625,-0.02687780000269413,0.5128921270370483},dt=0.017019922990584746},{cf={144.67123413085938,11.533547401428223,-57.51755142211914,0.509171187877655,0.014539879746735096,0.8605424165725708,-0.007902688346803188,0.9998941421508789,-0.012218478135764599,-0.8606289625167847,-0.0005793016753159463,0.509232223033905},dt=0.015839461993891746},{cf={145.6029052734375,12.240470886230469,-57.546363830566406,0.5090526342391968,0.006550441030412912,0.8607104420661926,-0.0008942513959482312,0.9999745488166809,-0.0070814210921525955,-0.8607349395751953,0.0028351247310638428,0.5090455412864685},dt=0.015679614996770397},{cf={146.49566650390625,12.892877578735352,-57.57525634765625,0.5091073513031006,0.0014018961228430271,0.8607019186019897,0.0004928813432343304,0.9999980330467224,-0.001920319744385779,-0.8607028722763062,0.0014018728397786617,0.5091056227684021},dt=0.017014769022352993},{cf={146.98573303222656,13.423264503479004,-57.60701370239258,0.5320516228675842,-0.1645992249250412,0.8305589556694031,0.07044931501150131,0.9861271381378174,0.15030010044574738,-0.8437760472297668,-0.021455097943544388,0.5362664461135864},dt=0.01828899999964051},{cf={146.88748168945312,13.786953926086426,-57.6080436706543,0.37862658500671387,-0.07266875356435776,0.9226923584938049,0.019846737384796143,0.9973212480545044,0.07040221989154816,-0.9253367185592651,-0.008343720808625221,0.37905457615852356},dt=0.020947307988535613},{cf={146.81907653808594,14.048072814941406,-57.60108947753906,0.5063233971595764,-0.03380218520760536,0.8616809248924255,0.010477169416844845,0.9993988275527954,0.03304823115468025,-0.8622800707817078,-0.007705113850533962,0.5063731670379639},dt=0.017134538997197524},{cf={146.78297424316406,14.16134262084961,-57.60075759887695,0.5124024748802185,-0.01769280806183815,0.8585631251335144,0.005814346484839916,0.9998363256454468,0.017134007066488266,-0.8587257266044617,-0.0037875238340348005,0.5124214291572571},dt=0.014084615017054603},{cf={146.72756958007812,14.264010429382324,-57.60462188720703,0.5202529430389404,-0.004904589150100946,0.8539981245994568,0.001729604322463274,0.9999874830245972,0.004689350258558989,-0.8540104627609253,-0.0009625691454857588,0.520254909992218},dt=0.014163922984153032},{cf={146.70928955078125,14.312140464782715,-57.60590362548828,0.5236713290214539,-0.00026483277906663716,0.8519203066825867,0.00013321812730282545,0.9999999403953552,0.00022897710732650012,-0.8519203662872314,-0.000006417523763957433,0.5236713886260986},dt=0.01692892299615778},{cf={146.70872497558594,14.312469482421875,-57.60593032836914,0.5291092395782471,0.0004232509236317128,0.8485535979270935,-0.0001287804334424436,0.9999998807907104,-0.0004184909048490226,-0.8485537171363831,0.00011215030826861039,0.5291092395782471},dt=0.015126154001336545},{cf={146.70863342285156,14.265220642089844,-57.6059455871582,0.5291106104850769,0.00030078383861109614,0.8485528230667114,-0.00010163841216126457,0.9999999403953552,-0.00029109074966982007,-0.8485528826713562,0.0000677736388752237,0.5291106104850769},dt=0.01847169201937504},{cf={146.70858764648438,14.163472175598145,-57.605960845947266,0.5291111469268799,0.00009263204992748797,0.8485525250434875,-0.00003294796624686569,1,-0.00008862021786626428,-0.8485525250434875,0.000018931867089122534,0.5291111469268799},dt=0.01618684598361142},{cf={146.70855712890625,14.007223129272461,-57.60596466064453,0.5285764336585999,0.000008828041245578788,0.848885715007782,-0.00000377888795810577,1,-0.000008046560651564505,-0.848885715007782,0.0000010453782124386635,0.5285764336585999},dt=0.015951076988130808},{cf={146.70855712890625,13.79647445678711,-57.60596466064453,0.5366939306259155,-0.00000656162092127488,0.8437770009040833,0.000002131214387190994,1,0.0000064209039010165725,-0.8437770009040833,-0.0000016477903272971162,0.5366939306259155},dt=0.017957770003704354},{cf={146.70855712890625,13.45639705657959,-57.60596466064453,0.5340477824211121,-0.000003204823315172689,0.8454542756080627,0.0000011328751270411885,1,0.000003075049562539789,-0.8454542756080627,-6.84429267039377e-07,0.5340477824211121},dt=0.015678538009524345},{cf={146.70855712890625,13.21147632598877,-57.60596466064453,0.5340530276298523,-0.0000011753561466321116,0.8454509973526001,4.302472405015578e-07,1,0.000001118434170166438,-0.8454509973526001,-2.3355019607151917e-07,0.5340530276298523},dt=0.018412923003779724},{cf={146.70855712890625,12.837226867675781,-57.60596466064453,0.5340530276298523,-7.795946288524647e-08,0.8454509973526001,3.627795663874167e-08,1,6.929450790948977e-08,-0.8454509973526001,-6.335705293736282e-09,0.5340530276298523},dt=0.017245538998395205},{cf={146.70855712890625,12.292776107788086,-57.60596466064453,0.5340530276298523,1.056957117384627e-07,0.8454509973526001,-3.611856058682861e-08,1,-1.0220164625707184e-07,-0.8454509973526001,2.4044625845931478e-08,0.5340530276298523},dt=0.016494999988935888},{cf={146.70855712890625,11.795902252197266,-57.60596466064453,0.5340530276298523,1.3165951884275273e-07,0.8454509973526001,-4.9904613774742757e-08,1,-1.2420331074736168e-07,-0.8454509973526001,2.413924526933897e-08,0.5340530276298523},dt=0.016473615018185228},{cf={146.70855712890625,11.098169326782227,-57.60596466064453,0.5340433716773987,1.6408337444318022e-07,0.8454570770263672,-6.712031108691008e-08,1,-1.5167915989877656e-07,-0.8454570770263672,2.42559128338371e-08,0.5340433716773987},dt=0.021515076979994774},{cf={146.70855712890625,10.795232772827148,-57.60596466064453,0.5340433716773987,1.5953698095927393e-07,0.8454570770263672,-6.644260963639681e-08,1,-1.46729803418566e-07,-0.8454570770263672,2.2185705716992743e-08,0.5340433716773987},dt=0.01012092301971279},{cf={146.70855712890625,10.148484230041504,-57.60596466064453,0.5340433716773987,1.1545272116109118e-07,0.8454570770263672,-4.9976883076396916e-08,1,-1.0498805380620979e-07,-0.8454570770263672,1.381486658402764e-08,0.5340433716773987},dt=0.016607691999524832},{cf={146.70855712890625,9.447235107421875,-57.60596466064453,0.5394986271858215,7.131437484986236e-08,0.8419864773750305,-3.32559118021436e-08,1,-6.338920854886965e-08,-0.8419864773750305,6.19736484352984e-09,0.5394986271858215},dt=0.018017461989074945},{cf={146.70855712890625,8.494033813476562,-57.60596466064453,0.539498507976532,1.630905899219215e-08,0.8419865369796753,-1.237479718696477e-08,1,-1.1440651093153065e-08,-0.8419865369796753,-4.247198592821633e-09,0.539498507976532},dt=0.015414538007462397},{cf={146.70855712890625,7.881237506866455,-57.60596466064453,0.5394986271858215,-1.666592375215714e-08,0.8419864773750305,1.4316846319584187e-10,1,1.9701841935670927e-08,-0.8419864773750305,-1.0508570902345582e-08,0.5394986271858215},dt=0.01732153899502009},{cf={146.70855712890625,6.791785717010498,-57.60596466064453,0.539498507976532,-7.157726145123888e-08,0.8419865369796753,2.098860640842304e-08,1,7.156163661647952e-08,-0.8419865369796753,-2.0935273070676885e-08,0.539498507976532},dt=0.016446383990114555},{cf={146.70855712890625,6.0972394943237305,-57.60596466064453,0.5394986271858215,-1.0449590348571292e-07,0.8419864773750305,3.348518617940499e-08,1,1.0265092242889295e-07,-0.8419864773750305,-2.7185956597008953e-08,0.5394986271858215},dt=0.01486130800913088},{cf={146.70855712890625,5.123490333557129,-57.60596466064453,0.539498507976532,-1.4835460149242863e-07,0.8419865369796753,5.013482606841535e-08,1,1.4407230253254966e-07,-0.8419865369796753,-3.5513942009401944e-08,0.539498507976532},dt=0.01849653900717385},{cf={146.70855712890625,4.095240592956543,-57.60596466064453,0.5394986271858215,-1.2241754632213997e-07,0.8419864773750305,4.24349835270732e-08,1,1.182013420475414e-07,-0.8419864773750305,-2.8039782051791917e-08,0.5394986271858215},dt=0.01546684600180015},{cf={146.70855712890625,3.625356912612915,-57.60596466064453,0.539498507976532,-9.650267429606174e-08,0.8419865369796753,3.474172061146419e-08,1,9.235250075789736e-08,-0.8419865369796753,-2.0571977898953264e-08,0.539498507976532},dt=0.017898999998578802},{cf={146.70855712890625,3.7285726070404053,-57.60596466064453,0.5394986271858215,-7.060993567620244e-08,0.8419864773750305,2.7055031992517797e-08,1,6.652575734733546e-08,-0.8419864773750305,-1.3110581953412748e-08,0.5394986271858215},dt=0.017920922982739285},{cf={146.70855712890625,3.841543436050415,-57.60596466064453,0.539498507976532,-4.47393411207031e-08,0.8419865369796753,1.9374912341163508e-08,1,4.072108339414626e-08,-0.8419865369796753,-5.655548029892543e-09,0.539498507976532},dt=0.014087076997384429},{cf={146.70855712890625,3.91203236579895,-57.60596466064453,0.5394986271858215,-1.889085154971326e-08,0.8419864773750305,1.1701353663795544e-08,1,1.49384664638319e-08,-0.8419864773750305,1.7930990026115978e-09,0.5394986271858215},dt=0.01614800002425909},{cf={146.70855712890625,3.951833724975586,-57.60596466064453,0.539498507976532,6.935544138997329e-09,0.8419865369796753,4.034355516324695e-09,1,-1.0822112095354441e-08,-0.8419865369796753,9.235386677630686e-09,0.539498507976532},dt=0.01697415398666635},{cf={146.70855712890625,3.9737303256988525,-57.60596466064453,0.5394986271858215,3.273986592944311e-08,0.8419864773750305,-3.62609609005915e-09,1,-3.656067448787326e-08,-0.8419864773750305,1.6671309666094203e-08,0.5394986271858215},dt=0.01834099998814054},{cf={146.70855712890625,3.9856889247894287,-57.60596466064453,0.539498507976532,5.852214002288747e-08,0.8419865369796753,-1.1279997380597706e-08,1,-6.227723758911452e-08,-0.8419865369796753,2.4100872408894247e-08,0.539498507976532},dt=0.018189538008300588}}