return {{cf={99.95448303222656,3.9999992847442627,-56.999698638916016,0.8708839416503906,-1.0129016203563879e-07,-0.49148866534233093,8.378057003710637e-08,1,-5.763512334056031e-08,0.49148866534233093,9.016303259556935e-09,0.8708839416503906},dt=0.013354538008570671},{cf={99.95448303222656,3.9999992847442627,-56.999698638916016,0.8708839416503906,-1.2183447495317523e-07,-0.49148866534233093,1.0082314361170575e-07,1,-6.923703210759413e-08,0.49148866534233093,1.0743987033379199e-08,0.8708839416503906},dt=0.018688000011024997},{cf={99.95448303222656,3.9999992847442627,-56.999698638916016,0.8708839416503906,-8.966548392663753e-08,-0.49148866534233093,7.42265555686572e-08,1,-5.091219179576001e-08,0.49148866534233093,7.857100747798995e-09,0.8708839416503906},dt=0.01842669298639521},{cf={99.95448303222656,3.9999992847442627,-56.999698638916016,0.8708839416503906,-3.996626674052095e-08,-0.49148866534233093,3.3117405706661884e-08,1,-2.2635004981452767e-08,0.49148866534233093,3.435632889292606e-09,0.8708839416503906},dt=0.015598846017383039},{cf={99.95448303222656,3.9999992847442627,-56.999698638916016,0.8708839416503906,9.690444890964045e-09,-0.49148866534233093,-7.956580283519088e-09,1,5.618006504448658e-09,0.49148866534233093,-9.820625423984097e-10,0.8708839416503906},dt=0.013757845998043194},{cf={99.95448303222656,3.9999992847442627,-56.999698638916016,0.8708839416503906,5.930469271220318e-08,-0.49148866534233093,-4.899543881720092e-08,1,3.38468666427616e-08,0.49148866534233093,-5.395988988965428e-09,0.8708839416503906},dt=0.017778153996914625},{cf={99.95448303222656,3.9999992847442627,-56.999698638916016,0.8708839416503906,1.0887651313851165e-07,-0.49148866534233093,-8.999919742791462e-08,1,6.205159053251919e-08,0.49148866534233093,-9.806151446412059e-09,0.8708839416503906},dt=0.017716614995151758},{cf={99.95448303222656,3.9999992847442627,-56.999698638916016,0.8708839416503906,8.485516644896052e-08,-0.49148866534233093,-7.015837866219954e-08,1,4.833347588828474e-08,0.49148866534233093,-7.610799990231953e-09,0.8708839416503906},dt=0.01775100000668317},{cf={100.43077850341797,3.831254720687866,-57.007225036621094,0.8564822673797607,-0.17867696285247803,-0.48426511883735657,0.14999376237392426,0.983845591545105,-0.09772239625453949,0.49390286207199097,0.01106075569987297,0.8694467544555664},dt=0.08981107699219137},{cf={100.60179138183594,3.3852689266204834,-57.01145935058594,0.8631462454795837,-0.10405674576759338,-0.4941161870956421,0.08734355866909027,0.9945536851882935,-0.05686873570084572,0.49734264612197876,0.0059281704016029835,0.8675339221954346},dt=0.008715692005353048},{cf={100.64122009277344,3.4651682376861572,-57.012611389160156,0.8706220388412476,0.0243556946516037,-0.4913492202758789,-0.020555198192596436,0.9997024536132812,0.013132493011653423,0.491522878408432,-0.001333656720817089,0.8708636164665222},dt=0.014631153986556455},{cf={100.62820434570312,3.6771347522735596,-57.01180648803711,0.8705916404724121,0.044077154248952866,-0.49002793431282043,-0.03708672896027565,0.999024510383606,0.023971613496541977,0.49060651659965515,-0.0026959527749568224,0.8713770508766174},dt=0.018184846005169675},{cf={100.62576293945312,3.819281816482544,-57.01165008544922,0.8707785606384277,0.009639152325689793,-0.49158090353012085,-0.008098960854113102,0.9999533891677856,0.005261190701276064,0.4916086792945862,-0.0006000377470627427,0.8708159923553467},dt=0.016240616008872166},{cf={100.6274185180664,4.705149173736572,-57.011741638183594,0.8694074749946594,-0.018686527386307716,-0.49374228715896606,0.015690548345446587,0.9998247623443604,-0.010211344808340073,0.493846595287323,0.001130732474848628,0.8695483207702637},dt=0.022190230985870585},{cf={100.6669921875,5.589361667633057,-57.04817581176758,0.8429316282272339,-0.1160612478852272,-0.5253533124923706,0.11712431907653809,0.992621898651123,-0.03136393055319786,0.5251173377037048,-0.035094004124403,0.85030597448349},dt=0.017552614997839555},{cf={101.05119323730469,5.982289791107178,-57.027137756347656,0.822788655757904,-0.29593831300735474,-0.48522087931632996,0.262190043926239,0.9551083445549011,-0.13792923092842102,0.5042570233345032,-0.013733474537730217,0.8634443879127502},dt=0.013283692009281367},{cf={101.71015167236328,6.7111077308654785,-56.982276916503906,0.6474879384040833,-0.6875292658805847,-0.32872915267944336,0.5763832926750183,0.7240025401115417,-0.3789493441581726,0.4985395073890686,0.055891118943691254,0.8650633096694946},dt=0.017042385006789118},{cf={102.54149627685547,7.666744232177734,-56.90436935424805,0.6657445430755615,-0.5675268173217773,-0.484455943107605,0.4639429748058319,0.8233243227005005,-0.3269464075565338,0.5844151973724365,-0.007097157184034586,0.8114237189292908},dt=0.01771630797884427},{cf={103.50789642333984,8.796005249023438,-56.87564468383789,0.8293867111206055,-0.1526734083890915,-0.5374091267585754,0.12486763298511505,0.988258957862854,-0.08804710954427719,0.5445418357849121,0.005920094903558493,0.8387128114700317},dt=0.017368000000715256},{cf={104.0213851928711,9.408297538757324,-56.86137771606445,0.8702303767204285,-0.03475545719265938,-0.49141746759414673,0.026608575135469437,0.9993682503700256,-0.023560235276818275,0.4919258654117584,0.007426914293318987,0.8706054091453552},dt=0.014232076006010175},{cf={104.6399154663086,10.17304801940918,-56.842681884765625,0.8705762028694153,0.008765817619860172,-0.4919554889202118,-0.008409520611166954,0.9999603033065796,0.002935917815193534,0.4919617176055908,0.0015811696648597717,0.8706154227256775},dt=0.015239385014865547},{cf={105.20647430419922,10.883135795593262,-56.82419204711914,0.8695086240768433,0.008142909966409206,-0.4938506484031677,-0.007034212816506624,0.9999668598175049,0.0041031260043382645,0.4938676655292511,-0.00009385307203046978,0.8695370554924011},dt=0.018229768989840522},{cf={105.73204040527344,11.538731575012207,-56.80659484863281,0.869369626045227,0.0028196487110108137,-0.49415430426597595,-0.0023386541288346052,0.9999960064888,0.001591573003679514,0.4941568076610565,-0.0002280092448927462,0.8693727850914001},dt=0.017523154005175456},{cf={106.33425903320312,12.281575202941895,-56.786373138427734,0.8693593144416809,0.00014194470713846385,-0.49418047070503235,-0.00008872601756593212,1,0.0001311462401645258,0.49418047070503235,-0.00007016654126346111,0.8693593144416809},dt=0.01615438499720767},{cf={106.66619110107422,12.686405181884766,-56.77524948120117,0.8693561553955078,-0.0001445052184863016,-0.49418604373931885,0.00013511117140296847,1,-0.00005472734119393863,0.49418604373931885,-0.000019192502804799005,0.8693561553955078},dt=0.014025923010194674},{cf={107.07413482666016,13.178491592407227,-56.7615966796875,0.8693557977676392,-0.00011259956954745576,-0.494186669588089,0.00009682428935775533,1,-0.00005751836215495132,0.494186669588089,0.0000021546495645452524,0.8693557977676392},dt=0.019495307991746813},{cf={107.52825164794922,13.716958999633789,-56.746402740478516,0.8693559765815735,-0.00002435953138046898,-0.4941863715648651,0.00001982415051315911,1,-0.000014418221326195635,0.4941863715648651,0.0000027377418518881314,0.8693559765815735},dt=0.01897199999075383},{cf={107.77094268798828,13.999164581298828,-56.73828125,0.8693561553955078,-0.000004061195795657113,-0.4941861033439636,0.000002901714879044448,1,-0.000003113345428573666,0.4941861033439636,0.0000012726187605949235,0.8693561553955078},dt=0.010594769002636895},{cf={108.05977630615234,14.327751159667969,-56.72861862182617,0.869355320930481,0.000002284247102579684,-0.494187593460083,-0.000002097089918606798,1,9.331089358965983e-07,0.494187593460083,2.2515264674893842e-07,0.869355320930481},dt=0.016421845997683704},{cf={108.30891418457031,14.601838111877441,-56.72028350830078,0.8693563938140869,0.00000154466590629454,-0.49418559670448303,-0.0000013225195516497479,1,7.99143208496389e-07,0.49418559670448303,-4.117014285043297e-08,0.8693563938140869},dt=0.018960307992529124},{cf={108.51834869384766,14.82142448425293,-56.71327590942383,0.8693556785583496,4.5678336846322054e-07,-0.49418696761131287,-3.6307045547800953e-07,1,2.856125718153635e-07,0.49418696761131287,-6.887423609214238e-08,0.8693556785583496},dt=0.017146153026260436},{cf={108.6880874633789,14.98651123046875,-56.70759582519531,0.8693551421165466,3.6397896252537976e-08,-0.4941878914833069,-1.7975155586213987e-08,1,4.203077708098135e-08,0.4941878914833069,-2.7656566814471262e-08,0.8693551421165466},dt=0.01393230797839351},{cf={108.81812286376953,15.097097396850586,-56.7032470703125,0.8693568110466003,-7.345265373714938e-08,-0.4941849410533905,6.418773779159892e-08,1,-3.571660300849544e-08,0.4941849410533905,-6.701425525612592e-10,0.8693568110466003},dt=0.01921569200931117},{cf={108.90846252441406,15.153183937072754,-56.700225830078125,0.8693563938140869,-1.119713601838157e-07,-0.4941856861114502,8.978754806321376e-08,1,-6.862600088197723e-08,0.4941856861114502,1.5288730281781682e-08,0.8693563938140869},dt=0.01457877000211738},{cf={108.95909881591797,15.154770851135254,-56.69853210449219,0.8693557977676392,-1.1625247253732596e-07,-0.494186669588089,8.884889268756524e-08,1,-7.894015396914256e-08,0.494186669588089,2.47191422886317e-08,0.8693557977676392},dt=0.016084000002592802},{cf={108.96435546875,15.048871040344238,-56.69835662841797,0.869356095790863,-1.2052989006861026e-07,-0.4941862225532532,8.791104733063548e-08,1,-8.92454892209571e-08,0.4941862225532532,3.414168503468318e-08,0.869356095790863},dt=0.017441923002479598},{cf={108.9644546508789,14.883495330810547,-56.6983528137207,0.8693553805351257,-1.2480371935907897e-07,-0.49418747425079346,8.697398357071506e-08,1,-9.954202084827557e-08,0.49418747425079346,4.3555935747008334e-08,0.8693553805351257},dt=0.015941230987664312},{cf={108.9644546508789,14.663619995117188,-56.6983528137207,0.8693560361862183,-1.1307267300253443e-07,-0.4941863417625427,7.565083848248833e-08,1,-9.572332970719799e-08,0.4941863417625427,4.5832038608750736e-08,0.8693560361862183},dt=0.01788892300100997},{cf={108.9644546508789,14.426799774169922,-56.6983528137207,0.8693555593490601,-5.33688861992232e-08,-0.4941870868206024,3.319001606882921e-08,1,-4.960663346764704e-08,0.4941870868206024,2.6723727231114935e-08,0.8693555593490601},dt=0.015477768989512697},{cf={108.9644546508789,14.419756889343262,-56.6983528137207,0.8693569302558899,6.28396801261033e-09,-0.494184672832489,-9.234624620546583e-09,1,-3.5294847045008737e-09,0.494184672832489,7.631991927325998e-09,0.8693569302558899},dt=0.016460692015243694},{cf={108.9644546508789,14.449921607971191,-56.6983528137207,0.8693557381629944,6.588573597809955e-08,-0.49418675899505615,-5.16228872982083e-08,1,4.2508389697104576e-08,0.49418675899505615,-1.1443564318369681e-08,0.8693557381629944},dt=0.01883753898437135},{cf={108.9644546508789,14.471721649169922,-56.6983528137207,0.8693564534187317,8.978010868077035e-08,-0.49418559670448303,-6.745823100118287e-08,1,6.300236066181242e-08,0.49418559670448303,-2.143461941273017e-08,0.8693564534187317},dt=0.014024230011273175},{cf={108.9644546508789,14.484441757202148,-56.6983528137207,0.8693557381629944,7.801287438269355e-08,-0.49418675899505615,-5.677463477127276e-08,1,5.798519708832828e-08,0.49418675899505615,-2.235249141335771e-08,0.8693557381629944},dt=0.01712869299808517},{cf={108.9644546508789,14.49150276184082,-56.6983528137207,0.8693554401397705,6.62556871589004e-08,-0.49418729543685913,-4.6100176120944525e-08,1,5.297232164025445e-08,0.49418729543685913,-2.326965464760633e-08,0.8693554401397705},dt=0.01718984599574469},{cf={108.9644546508789,14.495368957519531,-56.6983528137207,0.8693557381629944,5.4508518587681465e-08,-0.4941868484020233,-3.5434833733916093e-08,1,4.7963727212163576e-08,0.4941868484020233,-2.4186114444546547e-08,0.8693557381629944},dt=0.019382692000363022},{cf={108.9644546508789,14.497477531433105,-56.6983528137207,0.8693552613258362,4.277141485431457e-08,-0.494187593460083,-2.4778604057473785e-08,1,4.295940314591462e-08,0.494187593460083,-2.5101703826635458e-08,0.8693552613258362},dt=0.013728692021686584},{cf={108.9644546508789,14.498625755310059,-56.6983528137207,0.8693555593490601,3.104430845723982e-08,-0.4941870868206024,-1.4131480874368663e-08,1,3.795936009964862e-08,0.4941870868206024,-2.6016586218702287e-08,0.8693555593490601},dt=0.016497461998369545},{cf={108.9644546508789,14.499251365661621,-56.6983528137207,0.869356632232666,1.9327185185602502e-08,-0.4941851794719696,-3.493450639879825e-09,1,3.296361228422029e-08,0.4941851794719696,-2.6930726093610247e-08,0.869356632232666},dt=0.015984614990884438},{cf={108.9644546508789,14.499592781066895,-56.6983528137207,0.8693560361862183,7.620166719846111e-09,-0.49418628215789795,7.1354793185207654e-09,1,2.797212061977916e-08,0.49418628215789795,-2.7843988448239543e-08,0.8693560361862183},dt=0.01935976999811828},{cf={108.9644546508789,14.499777793884277,-56.6983528137207,0.8693558573722839,-4.07687128500811e-09,-0.4941865801811218,1.7755324321910848e-08,1,2.2984890435395755e-08,0.4941865801811218,-2.8756492298498415e-08,0.8693558573722839},dt=0.018270152999321},{cf={108.9644546508789,14.499878883361816,-56.6983528137207,0.8693561553955078,-1.5763937710744358e-08,-0.494186133146286,2.8366097026832904e-08,1,1.8001927060140588e-08,0.494186133146286,-2.966821632810479e-08,0.8693561553955078},dt=0.01286953900125809},{cf={108.9644546508789,14.499933242797852,-56.6983528137207,0.869356632232666,-2.744103611007631e-08,-0.4941852390766144,3.896780853551718e-08,1,1.3023227829478401e-08,0.4941852390766144,-3.0579144549847115e-08,0.869356632232666},dt=0.016628846002276987},{cf={108.9644546508789,14.49996280670166,-56.6983528137207,0.8693551421165466,-3.9108037697133113e-08,-0.4941878914833069,4.956044818982264e-08,1,8.04874655813137e-09,0.4941878914833069,-3.148939242691995e-08,0.8693551421165466},dt=0.019313538999995217},{cf={108.9644546508789,14.499979972839355,-56.6983528137207,0.8693563938140869,-5.0765240899863784e-08,-0.4941856563091278,6.01440532932429e-08,1,3.0785460847226886e-09,0.4941856563091278,-3.2398681071299507e-08,0.8693563938140869},dt=0.016209845984121785},{cf={108.9644546508789,14.49998950958252,-56.6983528137207,0.8693559169769287,-6.241237571202873e-08,-0.49418655037879944,7.071860608220959e-08,1,-1.8874188878470477e-09,0.49418655037879944,-3.3307344438071596e-08,0.8693559169769287},dt=0.016571077023399994},{cf={108.9644546508789,14.499994277954102,-56.6983528137207,0.8693559169769287,-7.404960200574351e-08,-0.49418655037879944,8.128414208385948e-08,1,-6.84914613913179e-09,0.49418655037879944,-3.42151835752702e-08,0.8693559169769287},dt=0.01617484597954899},{cf={108.9644546508789,14.49999713897705,-56.6983528137207,0.8693553805351257,-8.567685938487557e-08,-0.4941874146461487,9.184064708733786e-08,1,-1.1806647215450994e-08,0.4941874146461487,-3.512231927516041e-08,0.8693553805351257},dt=0.014925154013326392},{cf={108.9644546508789,14.49999713897705,-56.6983528137207,0.8693553805351257,-9.729421179827114e-08,-0.4941874146461487,1.0238813530349944e-07,1,-1.675991079252981e-08,0.4941874146461487,-3.602860942919506e-08,0.8693553805351257},dt=0.018493615003535524},{cf={108.9644546508789,14.49999713897705,-56.6983528137207,0.8693553805351257,-1.0890163792964813e-07,-0.4941874146461487,1.1292660673234423e-07,1,-2.1708940423081913e-08,0.4941874146461487,-3.693412153893405e-08,0.8693553805351257},dt=0.01465007700608112},{cf={108.9644546508789,14.49999713897705,-56.6983528137207,0.8693553805351257,-1.2049913777900656e-07,-0.4941874146461487,1.2345606137387222e-07,1,-2.6653742324356244e-08,0.4941874146461487,-3.7838859157091065e-08,0.8693553805351257},dt=0.018926769000245258},{cf={108.9644546508789,14.49999713897705,-56.6983528137207,0.8693553805351257,-1.1517954590090085e-07,-0.4941874146461487,1.169184145055624e-07,1,-2.7390198553689515e-08,0.4941874146461487,-3.396779391096061e-08,0.8693553805351257},dt=0.015221845998894423},{cf={108.9644546508789,14.49999713897705,-56.6983528137207,0.8693553805351257,-5.9164669607980613e-08,-0.4941874146461487,5.923393686657619e-08,1,-1.5519065144076194e-08,0.4941874146461487,-1.578108488331509e-08,0.8693553805351257},dt=0.01793784598703496},{cf={108.9644546508789,14.49999713897705,-56.6983528137207,0.8693553805351257,-3.19768167500456e-09,-0.4941874146461487,1.5987748902546173e-09,1,-3.6580820594878105e-09,0.4941874146461487,2.390079023584235e-09,0.8693553805351257},dt=0.017738154012477025},{cf={108.9644546508789,14.49999713897705,-56.6983528137207,0.8693553805351257,5.272145742196699e-08,-0.4941874146461487,-5.598711183552041e-08,1,8.192758471636807e-09,0.4941874146461487,2.0545707357655374e-08,0.8693553805351257},dt=0.013899076991947368},{cf={108.9644546508789,14.49999713897705,-56.6983528137207,0.8693553805351257,9.127337818881642e-08,-0.4941874146461487,-9.548223545152723e-08,1,1.6725199003531088e-08,0.4941874146461487,3.264597836505345e-08,0.8693553805351257},dt=0.01925015400047414},{cf={108.9644546508789,14.49999713897705,-56.6983528137207,0.8693553805351257,7.785632760715089e-08,-0.4941874146461487,-8.084212765879784e-08,1,1.532978366469706e-08,0.4941874146461487,2.662413223220028e-08,0.8693553805351257},dt=0.01443876899429597},{cf={108.9644546508789,14.49999713897705,-56.6983528137207,0.8693553805351257,6.445074518524052e-08,-0.4941874146461487,-6.621453962907253e-08,1,1.393556292583753e-08,0.4941874146461487,2.0607433981467693e-08,0.8693553805351257},dt=0.018673923012102023},{cf={108.9644546508789,14.49999713897705,-56.6983528137207,0.8693553805351257,5.1056623817657965e-08,-0.4941874146461487,-5.159945004606925e-08,1,1.2542535010595657e-08,0.4941874146461487,1.4595879171963588e-08,0.8693553805351257},dt=0.014148230984574184},{cf={108.9644546508789,14.49999713897705,-56.6983528137207,0.8693553805351257,3.76739492935485e-08,-0.4941874146461487,-3.699685535707431e-08,1,1.1150697254436182e-08,0.4941874146461487,8.589461586439029e-09,0.8693553805351257},dt=0.01657784599228762},{cf={108.9644546508789,14.49999713897705,-56.6983528137207,0.8693553805351257,2.4302719836555298e-08,-0.4941874146461487,-2.2406746680303513e-08,1,9.760051433715944e-09,0.4941874146461487,2.588178560358756e-09,0.8693553805351257},dt=0.01664900002651848},{cf={108.9644546508789,14.49999713897705,-56.6983528137207,0.8693553805351257,1.0942922124002052e-08,-0.4941874146461487,-7.829109804902146e-09,1,8.370594883899685e-09,0.4941874146461487,-3.407974347169329e-09,0.8693553805351257},dt=0.016844922996824607},{cf={108.9644546508789,14.49999713897705,-56.6983528137207,0.8693553805351257,-2.4054558345198984e-09,-0.4941874146461487,6.7360645950031994e-09,1,6.982327604987404e-09,0.4941874146461487,-9.399002465215744e-09,0.8693553805351257},dt=0.019215692998841405},{cf={108.9644546508789,14.49999713897705,-56.6983528137207,0.8693553805351257,-1.5742422476705542e-08,-0.4941874146461487,2.128878762164277e-08,1,5.595247376533052e-09,0.4941874146461487,-1.538490934649417e-08,0.8693553805351257},dt=0.016366768977604806},{cf={108.9644546508789,14.49999713897705,-56.6983528137207,0.8693553805351257,-2.9067987128428285e-08,-0.4941874146461487,3.582907126542523e-08,1,4.2093528662690005e-09,0.4941874146461487,-2.136570032007512e-08,0.8693553805351257},dt=0.014357231004396453},{cf={108.9644546508789,14.49999713897705,-56.6983528137207,0.8693561553955078,-4.238219730723358e-08,-0.49418607354164124,5.035692751675924e-08,1,2.8246647243435064e-09,0.49418607354164124,-2.7341332753394454e-08,0.8693561553955078},dt=0.01824823100469075},{cf={108.9644546508789,14.49999713897705,-56.6983528137207,0.8693561553955078,-5.568499261698889e-08,-0.49418607354164124,6.487236703378585e-08,1,1.4411569715377937e-09,0.49418607354164124,-3.331189901700782e-08,0.8693561553955078},dt=0.015940076002152637},{cf={108.9644546508789,14.49999713897705,-56.6983528137207,0.8693561553955078,-6.89764263483994e-08,-0.49418607354164124,7.937540402735976e-08,1,5.882792170064377e-11,0.49418607354164124,-3.9277360031064745e-08,0.8693561553955078},dt=0.015864000015426427},{cf={108.9644546508789,14.49999713897705,-56.6983528137207,0.8693561553955078,-8.22564985014651e-08,-0.49418607354164124,9.386604915562202e-08,1,-1.3223254713423671e-09,0.49418607354164124,-4.5237722900992594e-08,0.8693561553955078},dt=0.016405153990490362},{cf={108.9644546508789,14.49999713897705,-56.6983528137207,0.8693561553955078,-9.552523039246807e-08,-0.49418607354164124,1.0834430952399998e-07,1,-2.702300161416815e-09,0.49418607354164124,-5.1192987626791364e-08,0.8693561553955078},dt=0.019572692981455475},{cf={108.9644546508789,14.49999713897705,-56.6983528137207,0.8693561553955078,-1.0878261491598096e-07,-0.49418607354164124,1.22810192237921e-07,1,-4.0810994583750926e-09,0.49418607354164124,-5.7143157761174734e-08,0.8693561553955078},dt=0.01358792302198708},{cf={108.9644546508789,14.49999713897705,-56.6983528137207,0.8693561553955078,-1.0622146362493368e-07,-0.49418607354164124,1.1951591716297116e-07,1,-4.6936921016538236e-09,0.49418607354164124,-5.4982614017262676e-08,0.8693561553955078},dt=0.01711107700248249},{cf={108.9644546508789,14.49999713897705,-56.6983528137207,0.8693561553955078,-5.626113264156629e-08,-0.49418607354164124,6.30038883286943e-08,1,-3.0116442673033816e-09,0.49418607354164124,-2.851745328769084e-08,0.8693561553955078},dt=0.01846869199653156},{cf={108.9644546508789,14.49999713897705,-56.6983528137207,0.8693561553955078,-6.343490177584954e-09,-0.49418607354164124,6.540150199185746e-09,1,-1.3310168522906451e-09,0.49418607354164124,-2.0749235662975707e-09,0.8693561553955078},dt=0.017792537983041257},{cf={108.9644546508789,14.49999713897705,-56.6983528137207,0.8693561553955078,4.3531500182325544e-08,-0.49418607354164124,-4.987533586131576e-08,1,3.481872568045219e-10,0.49418607354164124,2.4344997129333024e-08,0.8693561553955078},dt=0.014041308022569865},{cf={108.9644546508789,14.49999713897705,-56.6983528137207,0.8693561553955078,9.336388018255093e-08,-0.49418607354164124,-1.062426093767499e-07,1,2.0259731670080328e-09,0.49418607354164124,5.074232589663552e-08,0.8693561553955078},dt=0.015722153999377042},{cf={108.9644546508789,14.49999713897705,-56.6983528137207,0.8693561553955078,7.703281568183229e-08,-0.49418607354164124,-8.746124535718991e-08,1,2.0191699423577347e-09,0.49418607354164124,4.146675181004866e-08,0.8693561553955078},dt=0.01810576897696592},{cf={108.9644546508789,14.49999713897705,-56.6983528137207,0.8693561553955078,6.071571334587134e-08,-0.49418607354164124,-6.869592539260339e-08,1,2.0123678279304613e-09,0.49418607354164124,3.219910382767921e-08,0.8693561553955078},dt=0.018072000006213784},{cf={108.9644546508789,14.49999713897705,-56.6983528137207,0.8693561553955078,4.4412551858385996e-08,-0.49418607354164124,-4.9946645930276645e-08,1,2.005571042573706e-09,0.49418607354164124,2.293938194952716e-08,0.8693561553955078},dt=0.014525308011798188}}