return {{cf={134.25868225097656,3.9999992847442627,-57.00914001464844,0.68224036693573,-7.602997342814888e-09,-0.7311279773712158,5.0806967522021296e-08,1,3.701071094042163e-08,0.7311279773712158,-6.23965945578675e-08,0.68224036693573},dt=0.009188691998133436},{cf={134.25868225097656,3.9999992847442627,-57.00914001464844,0.68224036693573,-3.5621667837659743e-09,-0.7311279773712158,2.3716522079553215e-08,1,1.7258541262776816e-08,0.7311279773712158,-2.9114286093090413e-08,0.68224036693573},dt=0.018027077021542937},{cf={134.25868225097656,3.9999992847442627,-57.00914001464844,0.68224036693573,4.752047644274171e-10,-0.7311279773712158,-3.350773436494592e-09,1,-2.4767594641872392e-09,0.7311279773712158,4.139589560026025e-09,0.68224036693573},dt=0.016007384983822703},{cf={134.25868225097656,3.9999992847442627,-57.00914001464844,0.68224036693573,4.5091197442559405e-09,-0.7311279773712158,-3.0394943451028666e-08,1,-2.2195207449726695e-08,0.7311279773712158,3.7365058602745194e-08,0.68224036693573},dt=0.016054769017500803},{cf={134.25868225097656,3.9999992847442627,-57.00914001464844,0.68224036693573,8.53958148638867e-09,-0.7311279773712158,-5.741600617170661e-08,1,-4.189681490629482e-08,0.7311279773712158,7.056214457179522e-08,0.68224036693573},dt=0.016247922991169617},{cf={134.25868225097656,3.9999992847442627,-57.00914001464844,0.68224036693573,1.2566593987628494e-08,-0.7311279773712158,-8.441397625347236e-08,1,-6.158159493452331e-08,0.7311279773712158,1.0373086922754737e-07,0.68224036693573},dt=0.018634537991601974},{cf={134.25868225097656,3.9999992847442627,-57.00914001464844,0.68224036693573,1.2208834831994864e-08,-0.7311279773712158,-8.197546463861727e-08,1,-5.9795461027079e-08,0.7311279773712158,1.0072943013028635e-07,0.68224036693573},dt=0.01863999999477528},{cf={134.2294464111328,4.792771339416504,-57.0081901550293,0.6835960149765015,0.012287043035030365,-0.7297571897506714,-0.007981362752616405,0.99992436170578,0.009359395131468773,0.7298169732093811,-0.0005735878366976976,0.6836423277854919},dt=0.01939346201834269},{cf={134.1500701904297,4.555475234985352,-57.006656646728516,0.6837044954299927,0.019525734707713127,-0.7294976711273193,-0.012805920094251633,0.9998090863227844,0.014758842065930367,0.7296465635299683,-0.0007487979019060731,0.6838240027427673},dt=0.010587076976662502},{cf={134.1336212158203,4.191487789154053,-57.00631332397461,0.6825493574142456,0.0017932446207851171,-0.7308372855186462,-0.00119696871843189,0.9999983906745911,0.0013357986463233829,0.7308385372161865,-0.00003695911436807364,0.6825504302978516},dt=0.01930161501513794},{cf={134.1349639892578,3.9073991775512695,-57.006370544433594,0.682293176651001,-0.007424796931445599,-0.7310410141944885,0.004866769537329674,0.999972403049469,-0.005613951478153467,0.7310624718666077,0.0002725526283029467,0.6823104619979858},dt=0.015899999998509884},{cf={134.13600158691406,3.9114298820495605,-57.00640869140625,0.6822389960289001,-0.0028572704177349806,-0.7311236262321472,0.0018773901974782348,0.9999958872795105,-0.002156174276024103,0.7311267852783203,0.0000984218786470592,0.6822416186332703},dt=0.017997154005570337},{cf={134.13616943359375,4.797323703765869,-57.00641632080078,0.6822477579116821,0.0023847052361816168,-0.7311171889305115,-0.0015603451756760478,0.9999971389770508,0.0018056700937449932,0.7311193943023682,-0.00009111917461268604,0.6822494864463806},dt=0.015356614982010797},{cf={133.96939086914062,4.869311809539795,-56.954620361328125,0.6721245050430298,0.10625717788934708,-0.7327741980552673,-0.05328834801912308,0.9940248727798462,0.09526245296001434,0.7385181188583374,-0.02497990056872368,0.6737707853317261},dt=0.016709847026504576},{cf={133.09161376953125,5.192936420440674,-56.766292572021484,0.6275269985198975,0.4425644278526306,-0.6405830383300781,-0.25012949109077454,0.8937215209007263,0.37242063879966736,0.7373229265213013,-0.07347528636455536,0.6715327501296997},dt=0.02395915298257023},{cf={132.10240173339844,6.018446445465088,-56.5782356262207,0.4756529927253723,0.7757166624069214,-0.4147503674030304,-0.4437299072742462,0.6187127828598022,0.6483041644096375,0.7595117092132568,-0.12433066964149475,0.6385012865066528},dt=0.011762462003389373},{cf={131.3345947265625,6.680183410644531,-56.43943405151367,0.17270195484161377,0.9470676779747009,-0.2706230878829956,-0.5143482685089111,0.32102862000465393,0.7952272891998291,0.8400118350982666,0.001857224153354764,0.5425649285316467},dt=0.012617538013728335},{cf={130.2451171875,7.696728229522705,-56.261741638183594,0.006118098273873329,0.8142960667610168,-0.5804175138473511,-0.42585524916648865,0.5272860527038574,0.7352664470672607,0.9047706127166748,0.24267542362213135,0.34999823570251465},dt=0.017873461998533458},{cf={129.09727478027344,8.709943771362305,-56.081703186035156,0.4118332266807556,0.4174332320690155,-0.8100264668464661,-0.20166482031345367,0.9086182713508606,0.3657104969024658,0.8886645436286926,0.01274211797863245,0.458380788564682},dt=0.01755392298218794},{cf={128.02084350585938,9.588127136230469,-55.883365631103516,0.6681066155433655,0.09068753570318222,-0.7385183572769165,-0.024682100862264633,0.9946996569633484,0.09981686621904373,0.7436560988426208,-0.04846012219786644,0.666803777217865},dt=0.015984846017090604},{cf={127.04524993896484,10.38936996459961,-55.692352294921875,0.6867664456367493,-0.005829503294080496,-0.7268547415733337,0.013342315331101418,0.9999004602432251,0.004587067291140556,0.726755678653717,-0.012848169542849064,0.6867758631706238},dt=0.014983768982347101},{cf={126.13320922851562,11.134669303894043,-55.51555633544922,0.6759479641914368,-0.013025828637182713,-0.7368342280387878,0.009008804336190224,0.9999151229858398,-0.009412211365997791,0.7368942499160767,-0.0002758299233391881,0.6760079860687256},dt=0.017761538998456672},{cf={125.26432037353516,11.825483322143555,-55.34925079345703,0.6752665638923645,-0.00548007944598794,-0.7375534176826477,0.0026981125120073557,0.999984085559845,-0.004959704354405403,0.7375688552856445,0.0013591203605756164,0.6752705574035645},dt=0.015355077019194141},{cf={124.43359375,12.461782455444336,-55.19102478027344,0.6752234697341919,-0.0010733493836596608,-0.7376124262809753,0.0002283515641465783,0.9999992251396179,-0.0012461289297789335,0.7376132011413574,0.0006729805609211326,0.675223171710968},dt=0.01643653798964806},{cf={123.64099884033203,13.043577194213867,-55.04017639160156,0.6704124212265015,0.00012625180534087121,-0.7419886589050293,-0.00020050776947755367,1,-0.000011012428331014235,0.7419886589050293,0.00015615735901519656,0.6704124212265015},dt=0.019573308003600687},{cf={122.7047119140625,13.694180488586426,-54.861934661865234,0.6727303862571716,0.00015574984718114138,-0.7398876547813416,-0.00009402610157849267,1,0.00012501305900514126,0.7398877143859863,-0.000014531337001244538,0.6727303862571716},dt=0.01912553800502792},{cf={121.99954986572266,14.153350830078125,-54.727664947509766,0.6679326295852661,0.000051263163186376914,-0.7442217469215393,-0.0000216614189412212,1,0.00004944063402945176,0.7442217469215393,-0.000016902115021366626,0.6679326295852661},dt=0.015984539000783116},{cf={121.49629211425781,14.461962699890137,-54.631839752197266,0.6679346561431885,0.000012634965059987735,-0.7442198991775513,-0.000001978394266188843,1,0.000015201860151137225,0.7442198991775513,-0.000008681488907313906,0.6679346561431885},dt=0.012871460989117622},{cf={120.85944366455078,14.82575798034668,-54.51057052612305,0.6624981760978699,-0.000002361755832680501,-0.7490634918212891,0.0000029360444386838935,1,-5.56203247015219e-07,0.7490634918212891,-0.0000018308002154299174,0.6624981760978699},dt=0.01579446200048551},{cf={120.2616195678711,15.135052680969238,-54.39673614501953,0.6631101965904236,-0.000002580456339273951,-0.7485218048095703,0.0000016120532109198393,1,-0.0000020192967440380016,0.7485218048095703,1.3235926132892928e-07,0.6631101965904236},dt=0.017236846004379913},{cf={119.70281982421875,15.389847755432129,-54.29032897949219,0.6576482653617859,-9.417375963494123e-07,-0.7533251047134399,4.2018393742182525e-07,1,-8.832897151478392e-07,0.7533251047134399,2.643588459250168e-07,0.6576482653617859},dt=0.01827176898950711},{cf={119.18303680419922,15.590143203735352,-54.19135284423828,0.6576493382453918,-1.4478789012173365e-07,-0.7533241510391235,1.1380692832574368e-08,1,-1.8226333509119286e-07,0.7533241510391235,1.1129201737958283e-07,0.6576493382453918},dt=0.016917770000873134},{cf={118.70227813720703,15.73593807220459,-54.09980773925781,0.6526961326599121,5.582904094580954e-08,-0.7576197981834412,-4.888238080980045e-08,1,3.15774499881627e-08,0.7576197981834412,1.6423781445951136e-08,0.6526961326599121},dt=0.0141730000032112},{cf={118.26054382324219,15.82723331451416,-54.01569366455078,0.6526957154273987,1.1142801525920731e-07,-0.7576201558113098,-4.689819377290405e-08,1,1.0667319116919316e-07,0.7576201558113098,-3.409411775123772e-08,0.6526957154273987},dt=0.017603384010726586},{cf={117.85782623291016,15.864027976989746,-53.93901062011719,0.6526956558227539,1.051502067639376e-07,-0.7576202154159546,-2.9463036455013025e-08,1,1.134074949504793e-07,0.7576202154159546,-5.169878747324219e-08,0.6526956558227539},dt=0.018253154004924},{cf={117.49412536621094,15.846323013305664,-53.869754791259766,0.6526943445205688,9.887785523687853e-08,-0.7576213479042053,-1.2042765895614593e-08,1,1.2013602201932372e-07,0.7576213479042053,-6.928824092256036e-08,0.6526943445205688},dt=0.01830430797417648},{cf={117.09436798095703,15.747550964355469,-53.793636322021484,0.6526959538459778,9.104468290388468e-08,-0.7576199769973755,9.711639492593349e-09,1,1.2853863040618307e-07,0.7576199769973755,-9.125437117063484e-08,0.6526959538459778},dt=0.018255154020152986},{cf={116.88378143310547,15.64741325378418,-53.753536224365234,0.65269535779953,8.634896175863105e-08,-0.7576204538345337,2.2753132711272883e-08,1,1.3357588102280715e-07,0.7576204538345337,-1.0442259679166455e-07,0.65269535779953},dt=0.012921845976961777},{cf={116.63714599609375,15.466208457946777,-53.706573486328125,0.6526954174041748,8.009258323227186e-08,-0.7576203942298889,4.012878562775768e-08,1,1.4028721295744617e-07,0.7576203942298889,-1.2196721854706993e-07,0.6526954174041748},dt=0.015916846023174003},{cf={116.42952728271484,15.230504035949707,-53.66704177856445,0.6478011012077332,7.462564610705158e-08,-0.7618095278739929,5.7532425046247226e-08,1,1.4688083638247917e-07,0.7618095278739929,-1.3897830797304778e-07,0.6478011012077332},dt=0.019028384995181113},{cf={116.22488403320312,14.859231948852539,-53.62807083129883,0.6478006839752197,6.681945308173454e-08,-0.7618098855018616,7.9266065711181e-08,1,1.5511490403241623e-07,0.7618098855018616,-1.6086920595625998e-07,0.6478006839752197},dt=0.019522460992448032},{cf={116.13136291503906,14.59559440612793,-53.61026382446289,0.6478025913238525,6.213929282239405e-08,-0.7618082761764526,9.229508890484794e-08,1,1.6005115810457937e-07,0.7618082761764526,-1.739927171229283e-07,0.6478025913238525},dt=0.012237462011398748},{cf={116.04080963134766,14.196389198303223,-53.593021392822266,0.6478021740913391,3.693356731560016e-08,-0.7618086338043213,7.03830167481101e-08,1,1.0833146291133744e-07,0.7618086338043213,-1.237957434341297e-07,0.6478021740913391},dt=0.01590800000121817},{cf={115.9892807006836,13.742684364318848,-53.58320999145508,0.6484705209732056,1.1640595154460698e-08,-0.761239767074585,4.853502488799677e-08,1,5.663672553168908e-08,0.761239767074585,-7.367403753733015e-08,0.6484705209732056},dt=0.01713023000047542},{cf={115.97552490234375,13.234479904174805,-53.580589294433594,0.6484690308570862,-1.3522049258085644e-08,-0.7612410187721252,2.6705599509568856e-08,1,4.986206558754702e-09,0.7612410187721252,-2.3562797935028357e-08,0.6484690308570862},dt=0.014418384991586208},{cf={115.97510528564453,12.671775817871094,-53.580509185791016,0.648469865322113,-3.866336228952605e-08,-0.7612403035163879,4.894896044049801e-09,1,-4.662019037482423e-08,0.7612403035163879,2.6505595940307103e-08,0.648469865322113},dt=0.019784308009548113},{cf={115.97509765625,12.054571151733398,-53.580509185791016,0.6484695672988892,-6.378316896871183e-08,-0.761240541934967,-1.6897166332796587e-08,1,-9.818245416681748e-08,0.761240541934967,7.653114408867623e-08,0.6484695672988892},dt=0.0163213069899939},{cf={115.97509765625,11.382865905761719,-53.580509185791016,0.6484701037406921,-7.909639521130885e-08,-0.7612401247024536,-3.3518286812750375e-08,1,-1.3245754360013962e-07,0.7612401247024536,1.1141022326910388e-07,0.6484701037406921},dt=0.015834076999453828},{cf={115.97509765625,10.466593742370605,-53.580509185791016,0.648469090461731,-6.154544962555519e-08,-0.7612409591674805,-3.496396772106891e-08,1,-1.1063317373327664e-07,0.7612409591674805,9.835819980708038e-08,0.648469090461731},dt=0.021952076989691705},{cf={115.97509765625,9.875955581665039,-53.580509185791016,0.6484694480895996,-5.10237541107017e-08,-0.7612407207489014,-3.583064156487126e-08,1,-9.754973717690518e-08,0.7612407207489014,9.053376714973638e-08,0.6484694480895996},dt=0.013024615996982902},{cf={115.97509765625,9.040750503540039,-53.580509185791016,0.6484703421592712,-3.7005250419497315e-08,-0.7612399458885193,-3.698536232832339e-08,1,-8.01181840870413e-08,0.7612399458885193,8.010900387489528e-08,0.6484703421592712},dt=0.014258769020671025},{cf={115.97509765625,8.151045799255371,-53.580509185791016,0.6484694480895996,-2.299891121992914e-08,-0.7612407207489014,-3.813907767380442e-08,1,-6.270150265663688e-08,0.7612407207489014,6.969303001369553e-08,0.6484694480895996},dt=0.016667922987835482}}