return {{cf={99.64591217041016,3.9999992847442627,-57.118595123291016,0.3248792886734009,9.960039015766142e-09,0.9457554817199707,-1.3087964489955084e-08,1,-6.035418387284608e-09,-0.9457554817199707,-1.041723152184204e-08,0.3248792886734009},dt=0.01512707700021565},{cf={99.64591217041016,3.9999992847442627,-57.118595123291016,0.3248792886734009,-1.1225330887043583e-08,0.9457554817199707,1.4744093057572627e-08,1,6.804380170422064e-09,-0.9457554817199707,1.1733704674554701e-08,0.3248792886734009},dt=0.01692115401965566},{cf={99.64591217041016,3.9999992847442627,-57.118595123291016,0.3248792886734009,-3.239259172005404e-08,0.9457554817199707,4.255236873973445e-08,1,1.9633201731039662e-08,-0.9457554817199707,3.386571734154131e-08,0.3248792886734009},dt=0.015480000001844019},{cf={99.64591217041016,3.9999992847442627,-57.118595123291016,0.3248792886734009,-5.354176124683363e-08,0.9457554817199707,7.033688120827719e-08,1,3.2451055176352384e-08,-0.9457554817199707,5.597881624908041e-08,0.3248792886734009},dt=0.016239461983786896},{cf={99.64591217041016,3.9999992847442627,-57.118595123291016,0.3248792886734009,-7.467285456641548e-08,0.9457554817199707,9.809765089130451e-08,1,4.525795560539336e-08,-0.9457554817199707,7.807302182527565e-08,0.3248792886734009},dt=0.01586338400375098},{cf={99.64591217041016,4.875675678253174,-57.118595123291016,0.3248792886734009,-9.578588588965431e-08,0.9457554817199707,1.2583470265781216e-07,1,5.805390657087628e-08,-0.9457554817199707,1.0014834828098174e-07,0.3248792886734009},dt=0.018266461993334815},{cf={99.70089721679688,4.53888463973999,-57.06425857543945,0.3326410949230194,-0.009959963150322437,0.9430009126663208,-0.004891205579042435,0.9999125599861145,0.012286422774195671,-0.9430407881736755,-0.008699379861354828,0.33256328105926514},dt=0.015826692018890753},{cf={99.70880126953125,4.1650309562683105,-57.056610107421875,0.3257903456687927,-0.0009268055437132716,0.9454416036605835,-0.00044880621135234833,0.9999992847442627,0.0011349421693012118,-0.9454419612884521,-0.0007940732757560909,0.3257896900177002},dt=0.01695576898055151},{cf={99.70809936523438,3.878108501434326,-57.05719757080078,0.3249734044075012,0.0038127456791698933,0.9457154870033264,0.0018610216211527586,0.9999873638153076,-0.004671045579016209,-0.9457213282585144,0.003277962561696768,0.32496222853660583},dt=0.01702615400427021},{cf={99.70755004882812,3.8927054405212402,-57.05766296386719,0.32489320635795593,0.001468735164962709,0.9457495808601379,0.0007160287350416183,0.999998152256012,-0.0017989595653489232,-0.9457504153251648,0.0012616536114364862,0.3248915374279022},dt=0.018902462004916742},{cf={99.70744323730469,4.778600215911865,-57.057743072509766,0.3248806297779083,-0.0012238107156008482,0.9457542300224304,-0.0005978404660709202,0.9999986886978149,0.001499370438978076,-0.9457548260688782,-0.0010525265242904425,0.3248794674873352},dt=0.016379615000914782},{cf={99.81226348876953,4.831902027130127,-57.005523681640625,0.3338576853275299,-0.04110154137015343,0.9417269825935364,-0.005387225653976202,0.998949408531189,0.045508865267038345,-0.942608118057251,-0.020266780629754066,0.33328551054000854},dt=0.017449307983042672},{cf={100.227783203125,4.905351161956787,-56.927425384521484,0.33700019121170044,-0.19612805545330048,0.9208499789237976,0.021183688193559647,0.9793940186500549,0.20084460079669952,-0.9412662386894226,-0.04817767068743706,0.33421069383621216},dt=0.017408230021828786},{cf={101.12307739257812,5.3304524421691895,-56.786964416503906,0.32239407300949097,-0.5176076292991638,0.7925556302070618,0.0950651466846466,0.8507317900657654,0.5169312953948975,-0.9418198466300964,-0.09131117910146713,0.3234773576259613},dt=0.013464076997479424},{cf={102.16951751708984,6.2117414474487305,-56.620121002197266,0.244746595621109,-0.8256283402442932,0.5083669424057007,0.17859646677970886,0.553729772567749,0.8133183121681213,-0.952996551990509,-0.10826435685157776,0.28297778964042664},dt=0.015602769999532029},{cf={103.31350708007812,7.199289321899414,-56.451690673828125,0.12511169910430908,-0.7023389339447021,0.7007617950439453,0.13985784351825714,0.7117435336112976,0.6883755922317505,-0.9822356104850769,0.011883193626999855,0.18727505207061768},dt=0.020765230001416057},{cf={105.05661010742188,8.590107917785645,-56.19217300415039,0.27099162340164185,-0.14330852031707764,0.9518541097640991,0.026066463440656662,0.989585280418396,0.1415681391954422,-0.9622287154197693,-0.013552309013903141,0.271904855966568},dt=0.025169770000502467},{cf={106.10356903076172,9.400646209716797,-56.02738571166992,0.33130306005477905,-0.00807425007224083,0.9434898495674133,-0.0026453700847923756,0.9999514818191528,0.009486353024840355,-0.9435206651687622,-0.005638737231492996,0.3312656283378601},dt=0.013927152991527691},{cf={106.84068298339844,9.97061824798584,-55.909881591796875,0.3294001817703247,0.012090794742107391,0.9441129565238953,-0.004731474909931421,0.9999265670776367,-0.011154765263199806,-0.9441785216331482,-0.0007926649414002895,0.32943323254585266},dt=0.01257692399667576},{cf={107.78076171875,10.682910919189453,-55.76007080078125,0.3349805474281311,0.008695406839251518,0.9421849250793457,-0.002302976790815592,0.9999619722366333,-0.008409839123487473,-0.9422222375869751,0.0006473023677244782,0.3349878489971161},dt=0.013894461008021608},{cf={108.45942687988281,11.181366920471191,-55.652130126953125,0.33487606048583984,0.0038535865023732185,0.9422543048858643,-0.0008384903194382787,0.9999924302101135,-0.0037917227018624544,-0.942261815071106,0.00047968607395887375,0.33487677574157715},dt=0.01360769200255163},{cf={109.33089447021484,11.798276901245117,-55.51369094848633,0.3409035801887512,0.0006022947491146624,0.9400980472564697,-0.00004424557846505195,0.9999998211860657,-0.0006246275152079761,-0.9400982856750488,0.00017134257359430194,0.34090355038642883},dt=0.017226077005034313},{cf={110.16381072998047,12.360685348510742,-55.38142776489258,0.3409014046192169,-0.0001617076195543632,0.9400990605354309,0.00007612130139023066,1,0.00014440793893299997,-0.9400990605354309,0.00002233269151474815,0.3409014046192169},dt=0.018529922992456704},{cf={110.95772552490234,12.8685941696167,-55.25537109375,0.34923458099365234,-0.00014584291784558445,0.937035322189331,0.00004154638372710906,1,0.00014015851775184274,-0.937035322189331,-0.000010017775821324904,0.34923458099365234},dt=0.01637599998502992},{cf={111.71241760253906,13.322002410888672,-55.135528564453125,0.34923413395881653,-0.00004992423782823607,0.9370355010032654,0.000010753282367659267,1,0.00004927115878672339,-0.9370355010032654,-0.0000071309627855953295,0.34923413395881653},dt=0.01702553901122883},{cf={112.6006088256836,13.812122344970703,-54.99448013305664,0.3552716374397278,-0.00000232322713600297,0.9347631335258484,-6.459292762883706e-07,1,0.0000027308601602271665,-0.9347631335258484,-0.0000015739880154796992,0.3552716374397278},dt=0.019689845998072997},{cf={113.10408782958984,14.065319061279297,-54.91453170776367,0.35905662178993225,0.0000026589748358674115,0.9333157539367676,-0.0000011923881402253755,1,-0.0000023902305201772833,-0.9333157539367676,-2.546465225350403e-07,0.35905662178993225},dt=0.011589461995754391},{cf={113.74107360839844,14.35522747039795,-54.81338119506836,0.358426034450531,0.0000020150994259893196,0.9335581064224243,-5.793454533886688e-07,1,-0.0000019360838905413402,-0.9335581064224243,1.5309022671772254e-07,0.358426034450531},dt=0.01681269201799296},{cf={114.33882141113281,14.590636253356934,-54.71845626831055,0.35842737555503845,6.410251103261544e-07,0.9335576295852661,-1.3481330540798808e-07,1,-6.348877832351718e-07,-0.9335576295852661,1.0170516162588683e-07,0.35842737555503845},dt=0.019591614982346073},{cf={114.89734649658203,14.77154541015625,-54.6297607421875,0.3584287166595459,6.872267732660475e-08,0.9335570931434631,3.5321712221758617e-09,1,-7.496993248423678e-08,-0.9335570931434631,3.016885941065084e-08,0.3584287166595459},dt=0.014568076992873102},{cf={115.41663360595703,14.897953987121582,-54.54730224609375,0.35842570662498474,-6.424256326909017e-08,0.9335582256317139,2.218192030056798e-08,1,6.029831922660378e-08,-0.9335582256317139,-9.043535920127965e-10,0.35842570662498474},dt=0.015083692007465288},{cf={115.89669036865234,14.969862937927246,-54.4710693359375,0.36735451221466064,-1.226938195486582e-07,0.9300810098648071,2.5389995883529082e-08,1,1.2188905884613632e-07,-0.9300810098648071,-2.1161740804132023e-08,0.36735451221466064},dt=0.018280846998095512},{cf={116.33751678466797,14.987271308898926,-54.40106201171875,0.37333232164382935,-1.2700013485300587e-07,0.9276976585388184,2.102070872922468e-08,1,1.2843885599522764e-07,-0.9276976585388184,-2.844951119129746e-08,0.37333232164382935},dt=0.016357307002181187},{cf={116.7391128540039,14.950180053710938,-54.3372917175293,0.37333056330680847,-1.1345981931754068e-07,0.9276983737945557,1.3999461145886016e-08,1,1.166687297882163e-07,-0.9276983737945557,-3.056872799334087e-08,0.37333056330680847},dt=0.01743100001476705},{cf={117.10147857666016,14.858588218688965,-54.27975082397461,0.373333215713501,-9.993093641469386e-08,0.9276973009109497,6.984182565616948e-09,1,1.0490868618262539e-07,-0.9276973009109497,-3.2686692463812506e-08,0.373333215713501},dt=0.015942769998218864},{cf={117.42461395263672,14.712496757507324,-54.22843551635742,0.37333109974861145,-8.641377746698709e-08,0.9276981353759766,-2.507416670127771e-11,1,9.315868254589077e-08,-0.9276981353759766,-3.480229437968774e-08,0.37333109974861145},dt=0.01746499998262152},{cf={117.7085189819336,14.511905670166016,-54.183345794677734,0.37333109974861145,-7.290810088989019e-08,0.9276981353759766,-7.0283365793955e-09,1,8.141871887801244e-08,-0.9276981353759766,-3.69163153379759e-08,0.37333109974861145},dt=0.01736361501389183},{cf={117.95319366455078,14.256814002990723,-54.14449691772461,0.3733312487602234,-5.9413967079535723e-08,0.9276981353759766,-1.4025607342205149e-08,1,6.96887951789904e-08,-0.9276981353759766,-3.9028535070428916e-08,0.3733312487602234},dt=0.013828691997332498},{cf={118.15863800048828,13.947222709655762,-54.111873626708984,0.3733310401439667,-4.593137248321e-08,0.9276981949806213,-2.1016898443804166e-08,1,5.7968886579828904e-08,-0.9276981949806213,-4.113892515533735e-08,0.3733310401439667},dt=0.016652846010401845},{cf={118.3248519897461,13.583130836486816,-54.08547592163086,0.3733310401439667,-3.246028157377623e-08,0.9276981949806213,-2.800221565735228e-08,1,4.6258985975100586e-08,-0.9276981949806213,-4.3247521119837984e-08,0.3733310401439667},dt=0.017003153974656016},{cf={118.45183563232422,13.164539337158203,-54.065311431884766,0.37333059310913086,-1.9000726325657524e-08,0.9276983737945557,-3.498155720649265e-08,1,3.455908981209177e-08,-0.9276983737945557,-4.5354298094935075e-08,0.37333059310913086},dt=0.017064000014215708},{cf={118.53958892822266,12.691448211669922,-54.0513801574707,0.3733319342136383,-5.5525846143211766e-09,0.9276978373527527,-4.1954947960221034e-08,1,2.2869198090802456e-08,-0.9276978373527527,-4.745931647676116e-08,0.3733319342136383},dt=0.016200615995330736},{cf={118.5881118774414,12.163857460021973,-54.04367446899414,0.37333136796951294,7.883976138600701e-09,0.9276980757713318,-4.892237370768271e-08,1,1.1189287718593732e-08,-0.9276980757713318,-4.9562501658328983e-08,0.37333136796951294},dt=0.019402153993723914},{cf={118.5994873046875,11.581766128540039,-54.041866302490234,0.37333235144615173,2.13091357892381e-08,0.9276976585388184,-5.588385931787343e-08,1,-4.806348097297075e-10,-0.9276976585388184,-5.1663889166775334e-08,0.37333235144615173},dt=0.018330460996367037},{cf={118.59977722167969,10.945175170898438,-54.04182052612305,0.3733316957950592,3.472272780413732e-08,0.9276978969573975,-6.283938347451112e-08,1,-1.2140581873154588e-08,-0.9276978969573975,-5.3763503871095963e-08,0.3733316957950592},dt=0.015108846011571586},{cf={118.59977722167969,10.254083633422852,-54.04182052612305,0.3733309507369995,4.81248392247835e-08,0.9276982545852661,-6.978895328302315e-08,1,-2.3790564185333096e-08,-0.9276982545852661,-5.5861331560436156e-08,0.3733309507369995},dt=0.018523384991567582},{cf={118.59977722167969,9.508492469787598,-54.04182052612305,0.37333157658576965,6.151559261979855e-08,0.9276979565620422,-7.673258295426422e-08,1,-3.5430595346497284e-08,-0.9276979565620422,-5.7957304733236015e-08,0.37333157658576965},dt=0.01325138402171433},{cf={118.59977722167969,8.70840072631836,-54.04182052612305,0.373332142829895,7.489489206591315e-08,0.9276977181434631,-8.367030090994376e-08,1,-4.706067358029031e-08,-0.9276977181434631,-6.005148378562808e-08,0.373332142829895},dt=0.014723076979862526},{cf={118.59977722167969,7.853808879852295,-54.04182052612305,0.3733312487602234,8.826266650885373e-08,0.9276980757713318,-9.060206451749764e-08,1,-5.868081487392374e-08,-0.9276980757713318,-6.214398240445007e-08,0.3733312487602234},dt=0.020333307998953387},{cf={118.59977722167969,6.944716930389404,-54.04182052612305,0.37333157658576965,1.016190793734495e-07,0.9276979565620422,-9.752790930406263e-08,1,-7.029101567468388e-08,-0.9276979565620422,-6.423458387416758e-08,0.37333157658576965},dt=0.01677907700650394},{cf={118.59977722167969,5.9811248779296875,-54.04182052612305,0.373330682516098,1.149639885511533e-07,0.9276983141899109,-1.0444781395335667e-07,1,-8.189129374613913e-08,-0.9276983141899109,-6.632352977931077e-08,0.373330682516098},dt=0.015212614991469309},{cf={118.59977722167969,4.9630327224731445,-54.04182052612305,0.37333089113235474,1.282975716776491e-07,0.9276982545852661,-1.1136179978166183e-07,1,-9.348165264100317e-08,-0.9276982545852661,-6.841056432449477e-08,0.37333089113235474},dt=0.017409231018973514},{cf={118.59977722167969,3.8904409408569336,-54.04182052612305,0.3733319938182831,7.20434627510258e-08,0.9276978373527527,-5.88480375540712e-08,1,-5.397620483904575e-08,-0.9276978373527527,-3.444215224135405e-08,0.3733319938182831},dt=0.019247691991040483},{cf={118.59977722167969,3.673508882522583,-54.04182052612305,0.37333133816719055,1.5837319011779982e-08,0.9276980757713318,-6.379179851023764e-09,1,-1.450447228990015e-08,-0.9276980757713318,-5.029787142341036e-10,0.37333133816719055},dt=0.01321161599480547},{cf={118.59977722167969,3.7800347805023193,-54.04182052612305,0.3733310103416443,-4.032076361681902e-08,0.9276981949806213,4.60448106309741e-08,1,2.4933546782790472e-08,-0.9276981949806213,3.3407221877723714e-08,0.3733310103416443},dt=0.01842646099976264},{cf={118.59977722167969,3.873555898666382,-54.04182052612305,0.3733319044113159,-8.057187272925148e-08,0.9276978373527527,8.259806349997234e-08,1,5.3611614703186206e-08,-0.9276978373527527,5.6611121124205965e-08,0.3733319044113159},dt=0.014689000003272668},{cf={118.59977722167969,3.9300944805145264,-54.04182052612305,0.3733314573764801,-7.323179573859306e-08,0.927698016166687,7.166246973611123e-08,1,5.010029013874373e-08,-0.927698016166687,4.777712092618458e-08,0.3733314573764801},dt=0.016773462004493922},{cf={118.59977722167969,3.9671428203582764,-54.04182052612305,0.3733310103416443,-6.406553154647554e-08,0.9276981949806213,5.800612967732377e-08,1,4.5715349727970533e-08,-0.9276981949806213,3.674522375263223e-08,0.3733310103416443},dt=0.020328923012129962},{cf={118.59977722167969,3.9820921421051025,-54.04182052612305,0.37046560645103455,-5.662586488597299e-08,0.9288461804389954,4.7102425071443577e-08,1,4.217709914655643e-08,-0.9288461804389954,2.8125745288321014e-08,0.37046560645103455},dt=0.018615076987771317}}