return {{cf={134.30259704589844,3.9999992847442627,-57.075260162353516,0.4834178686141968,-3.835321749079412e-08,-0.8753897547721863,-1.6201399333226618e-08,1,-5.275965619944145e-08,0.8753897547721863,3.968749950900019e-08,0.4834178686141968},dt=0.01632361501106061},{cf={134.30259704589844,3.9999992847442627,-57.075260162353516,0.4834178686141968,-1.300128182890603e-08,-0.8753897547721863,-5.494042554232692e-09,1,-1.7885977143805576e-08,0.8753897547721863,1.3455828451469642e-08,0.4834178686141968},dt=0.017141230986453593},{cf={134.30259704589844,3.9999992847442627,-57.075260162353516,0.4834178686141968,5.998466168222194e-09,-0.8753897547721863,2.5304718320739994e-09,1,8.249743999044767e-09,0.8753897547721863,-6.203222824296972e-09,0.4834178686141968},dt=0.01101107700378634},{cf={134.30259704589844,3.9999992847442627,-57.075260162353516,0.4834178686141968,2.4986050561892625e-08,-0.8753897547721863,1.0549843665330627e-08,1,3.436873186046796e-08,0.8753897547721863,-2.5849683282785918e-08,0.4834178686141968},dt=0.011999076989013702},{cf={134.30259704589844,3.9999992847442627,-57.075260162353516,0.4834178686141968,5.028392635608725e-08,-0.8753897547721863,2.123434583722883e-08,1,6.916803130252447e-08,0.8753897547721863,-5.2025391994448e-08,0.4834178686141968},dt=0.018218154000351205},{cf={134.30259704589844,3.9999992847442627,-57.075260162353516,0.4834178686141968,7.556020165111477e-08,-0.8753897547721863,3.1909713982258836e-08,1,1.0393762295279885e-07,0.8753897547721863,-7.817874347892939e-08,0.4834178686141968},dt=0.01835176901658997},{cf={134.30259704589844,3.9999992847442627,-57.075260162353516,0.4834178686141968,6.307773503522185e-08,-0.8753897547721863,2.663885467768523e-08,1,8.67675638005494e-08,0.8753897547721863,-6.526436635567734e-08,0.4834178686141968},dt=0.017593230993952602},{cf={134.30259704589844,3.9999992847442627,-57.075260162353516,0.4834178686141968,3.177419927169467e-08,-0.8753897547721863,1.3419692912464143e-08,1,4.370798123431996e-08,0.8753897547721863,-3.287668093321372e-08,0.4834178686141968},dt=0.01950207698973827},{cf={134.30259704589844,3.9999992847442627,-57.075260162353516,0.4834178686141968,6.755416670500836e-09,-0.8753897547721863,2.854529723705923e-09,1,9.293400715648659e-09,0.8753897547721863,-6.9914216638267135e-09,0.4834178686141968},dt=0.017329538008198142},{cf={134.30259704589844,3.9999992847442627,-57.075260162353516,0.4834178686141968,-2.448803648746889e-08,-0.8753897547721863,-1.0339230804845556e-08,1,-3.368351642052403e-08,0.8753897547721863,2.5334070841154244e-08,0.4834178686141968},dt=0.01797384599922225},{cf={134.30259704589844,3.9999992847442627,-57.075260162353516,0.4834178686141968,-4.9458801498758476e-08,-0.8753897547721863,-2.0884094453776925e-08,1,-6.803203689287329e-08,0.8753897547721863,5.116962142892589e-08,0.4834178686141968},dt=0.018411769007798284},{cf={134.30259704589844,3.9999992847442627,-57.075260162353516,0.4834178686141968,-6.193619128680439e-08,-0.8753897547721863,-2.615314542708802e-08,1,-8.519529615114152e-08,0.8753897547721863,6.407912422901063e-08,0.4834178686141968},dt=0.004945769993355498},{cf={134.30259704589844,4.661014556884766,-57.075260162353516,0.4834178686141968,-8.064228751436531e-08,-0.8753897547721863,-3.405250126320425e-08,1,-1.1092645024746162e-07,0.8753897547721863,8.343303647961875e-08,0.4834178686141968},dt=0.016379461012547836},{cf={134.25009155273438,4.639535903930664,-57.020137786865234,0.4804551303386688,0.012368540279567242,-0.8769320845603943,0.004620714113116264,0.9998509883880615,0.016633834689855576,0.8770071268081665,-0.012043863534927368,0.480326384305954},dt=0.015979385003447533},{cf={134.23858642578125,4.281895637512207,-57.0081787109375,0.4827882945537567,0.003599610412493348,-0.8757296800613403,0.0013428600504994392,0.9999873042106628,0.004850677214562893,0.8757360577583313,-0.0035178326070308685,0.48277735710144043},dt=0.017066691973013803},{cf={134.23939514160156,3.8962252140045166,-57.00895309448242,0.48332685232162476,-0.004492881242185831,-0.8754284381866455,-0.0016829223604872823,0.9999802112579346,-0.0060612536035478115,0.875438392162323,0.004402844700962305,0.48330971598625183},dt=0.016422846005298197},{cf={134.23997497558594,3.8950743675231934,-57.00951385498047,0.48341691493988037,-0.002418763004243374,-0.8753868937492371,-0.0009052039822563529,0.9999942779541016,-0.003262945916503668,0.8753897547721863,0.002369767054915428,0.483411967754364},dt=0.016701462009223178},{cf={134.21495056152344,4.827243328094482,-56.98509979248047,0.48155370354652405,0.011624054051935673,-0.8763394951820374,0.004096497315913439,0.9998712539672852,0.015513668768107891,0.8764070272445679,-0.011060587130486965,0.4814440906047821},dt=0.02599138399818912},{cf={133.93353271484375,4.871236801147461,-56.86265563964844,0.47598227858543396,0.11688648164272308,-0.8716527223587036,-0.005093622487038374,0.9914781451225281,0.13017331063747406,0.8794401288032532,-0.057520318776369095,0.4725213944911957},dt=0.013333615992451087},{cf={133.42601013183594,5.026545524597168,-56.69280242919922,0.47642508149147034,0.3066074252128601,-0.8240212798118591,-0.04104965552687645,0.9439587593078613,0.3275008499622345,0.8782562613487244,-0.12220384180545807,0.4623117446899414},dt=0.018023000011453405},{cf={132.21572875976562,5.971338272094727,-56.280548095703125,0.4350520074367523,0.7089609503746033,-0.5550712943077087,-0.14618779718875885,0.6639047265052795,0.733389139175415,0.8884587287902832,-0.23791776597499847,0.39247453212738037},dt=0.021013538003899157},{cf={131.19619750976562,6.854128360748291,-55.93618392944336,0.28726109862327576,0.9284549951553345,-0.2354832887649536,-0.19337284564971924,0.29699602723121643,0.9350937604904175,0.9381300806999207,-0.22307997941970825,0.2648533880710602},dt=0.0150261539965868},{cf={130.6649169921875,7.339892864227295,-55.762882232666016,-0.029361620545387268,0.9503014087677002,-0.30994370579719543,-0.16449040174484253,0.3012564182281494,0.9392483234405518,0.9859415888786316,0.07856062054634094,0.14747008681297302},dt=0.0066588459885679185},{cf={129.54649353027344,8.396260261535645,-55.41913986206055,0.11832360923290253,0.6503968238830566,-0.7503222823143005,-0.1069793701171875,0.7595821022987366,0.6415531635284424,0.9871954917907715,0.00435812259092927,0.1594555377960205},dt=0.01622546202270314},{cf={128.434814453125,9.334644317626953,-55.059410095214844,0.4392695724964142,0.20564694702625275,-0.8745007514953613,-0.0024076912086457014,0.9737124443054199,0.22776807844638824,0.8983520865440369,-0.09794606268405914,0.4282173812389374},dt=0.01744592297472991},{cf={127.42636108398438,10.166375160217285,-54.714393615722656,0.48705798387527466,0.018659399822354317,-0.8731702566146851,0.015430829487740993,0.999431848526001,0.029964953660964966,0.8732333183288574,-0.028068412095308304,0.486493319272995},dt=0.01584176902542822},{cf={126.4968490600586,10.936586380004883,-54.39662170410156,0.4840470552444458,-0.01450775470584631,-0.8749216794967651,0.007493306417018175,0.9998946189880371,-0.012434384785592556,0.8750098943710327,-0.0005372290033847094,0.4841047525405884},dt=0.016590461978921667},{cf={125.40151977539062,11.822572708129883,-54.02587890625,0.48341506719589233,-0.007005832623690367,-0.8753632307052612,0.0010181906400248408,0.9999718070030212,-0.00744082685559988,0.8753907084465027,0.0027057211846113205,0.4834085702896118},dt=0.020252307003829628},{cf={124.3646011352539,12.62338924407959,-53.676395416259766,0.4834226071834564,-0.0009630898712202907,-0.8753865957260132,-0.0002230814570793882,0.9999992251396179,-0.0012233814923092723,0.8753870725631714,0.0007866927771829069,0.48342201113700867},dt=0.019436692993622273},{cf={123.76995086669922,13.06299877166748,-53.47605895996094,0.48341894149780273,0.000037960970075801015,-0.8753890991210938,-0.00019648765737656504,1,-0.00006514233245979995,0.8753890991210938,0.00020349420083221048,0.48341894149780273},dt=0.014980230014771223},{cf={123.00970458984375,13.601457595825195,-53.21989822387695,0.4834181070327759,0.00020752320415340364,-0.875389575958252,-0.0000731305408407934,1,0.00019667881133500487,0.875389575958252,-0.00003106038275291212,0.4834181070327759},dt=0.016195692995097488},{cf={122.2870101928711,14.085415840148926,-52.976356506347656,0.48341917991638184,0.0000932846378418617,-0.8753889799118042,-0.000011702116353262682,1,0.00010010134428739548,0.8753889799118042,-0.000038147005398059264,0.48341917991638184},dt=0.020232306997058913},{cf={121.60198211669922,14.514874458312988,-52.74549102783203,0.483416885137558,0.000019912078641937114,-0.8753902316093445,0.0000029474717848643195,1,0.00002437419789202977,0.8753902316093445,-0.00001436308775737416,0.483416885137558},dt=0.009521230997052044},{cf={120.95459747314453,14.889833450317383,-52.52731704711914,0.48341765999794006,-0.0000014136244317342062,-0.875389814376831,0.0000027402684281696565,1,-1.0158935026538529e-07,0.875389814376831,-0.0000023496929770772113,0.48341765999794006},dt=0.017527693009469658},{cf={120.3448715209961,15.210291862487793,-52.32183074951172,0.48341840505599976,-0.000002967561840705457,-0.8753893971443176,9.48963247537904e-07,1,-0.0000028659421786869643,0.8753893971443176,5.547368004954478e-07,0.48341840505599976},dt=0.01665969198802486},{cf={119.77278137207031,15.476250648498535,-52.129032135009766,0.48341894149780273,-0.0000012332812957538408,-0.8753890991210938,1.2981486463559122e-07,1,-0.0000013371496834224672,0.8753890991210938,5.32765000116342e-07,0.48341894149780273},dt=0.01689269201597199},{cf={119.23833465576172,15.68770980834961,-51.948917388916016,0.48341938853263855,-2.373533760646751e-07,-0.8753888607025146,-4.861945868128714e-08,1,-2.9798979994666297e-07,0.8753888607025146,1.8661498302208201e-07,0.48341938853263855},dt=0.01694546200451441},{cf={118.74153137207031,15.8446683883667,-51.781490325927734,0.4834175407886505,3.087735578333195e-08,-0.8753899335861206,-3.789218894212354e-08,1,1.4347442345297168e-08,0.8753899335861206,2.6234635797095507e-08,0.4834175407886505},dt=0.018410460994346067},{cf={118.2823715209961,15.947127342224121,-51.62675094604492,0.4834173321723938,9.336122275271919e-08,-0.8753900527954102,-1.0104550973721871e-08,1,1.0107095249622944e-07,0.8753900527954102,-4.0014025870505066e-08,0.4834173321723938},dt=0.016973922989564016},{cf={117.7613525390625,15.998560905456543,-51.4511604309082,0.48341938853263855,9.491058960975352e-08,-0.8753888607025146,1.3874506876732084e-08,1,1.160830365165566e-07,0.8753888607025146,-6.8262380636952e-08,0.48341938853263855},dt=0.019864539004629478},{cf={117.47697448730469,15.988545417785645,-51.35531997680664,0.48341813683509827,8.754552283107842e-08,-0.875389575958252,2.670490317768781e-08,1,1.1475480476974553e-07,0.875389575958252,-7.885174824195929e-08,0.48341813683509827},dt=0.015711999993072823},{cf={117.26583862304688,15.880303382873535,-51.28416442871094,0.48341813683509827,7.773265053856449e-08,-0.875389575958252,4.3799307292147205e-08,1,1.1298516255919822e-07,0.875389575958252,-9.296053349316935e-08,0.48341813683509827},dt=0.016314845997840166},{cf={117.24524688720703,15.71363639831543,-51.277225494384766,0.4834173917770386,6.792824791546082e-08,-0.8753899931907654,6.087910264795937e-08,1,1.1121701959382335e-07,0.8753899931907654,-1.0705719688530735e-07,0.4834173917770386},dt=0.01677253801608458},{cf={117.24482727050781,15.460144996643066,-51.2770881652832,0.4834190309047699,5.5684214572693236e-08,-0.8753890991210938,8.220833080940793e-08,1,1.0900899383159413e-07,0.8753890991210938,-1.2466129817312321e-07,0.4834190309047699},dt=0.020996076986193657},{cf={117.24482727050781,15.442689895629883,-51.2770881652832,0.48341891169548035,2.291674938703636e-08,-0.8753891587257385,5.2201308164967486e-08,1,5.500621824694463e-08,0.8753891587257385,-7.228750575904996e-08,0.48341891169548035},dt=0.01462061601341702},{cf={117.24482727050781,15.463164329528809,-51.2770881652832,0.4834175407886505,-9.822635149703274e-09,-0.8753899335861206,2.22198330845913e-08,1,1.0496138402871225e-09,0.8753899335861206,-1.99584189175539e-08,0.4834175407886505},dt=0.01676369199412875},{cf={117.24482727050781,15.479053497314453,-51.2770881652832,0.48341795802116394,-4.253419660926738e-08,-0.8753896951675415,-7.736010942949179e-09,1,-5.2860940513710375e-08,0.8753896951675415,3.23259499168671e-08,0.48341795802116394},dt=0.017560845997650176},{cf={117.24482727050781,15.48658275604248,-51.2770881652832,0.4834193289279938,-6.704947708158215e-08,-0.8753889203071594,-3.018603322857416e-08,1,-9.326367944595404e-08,0.8753889203071594,7.150998015958976e-08,0.4834193289279938},dt=0.009496076992945746},{cf={117.24482727050781,15.492658615112305,-51.2770881652832,0.48341891169548035,-5.351676080067591e-08,-0.8753891587257385,-3.29623865980011e-08,1,-7.933774526236448e-08,0.8753891587257385,6.720828338302454e-08,0.48341891169548035},dt=0.015897539007710293},{cf={117.24482727050781,15.495997428894043,-51.2770881652832,0.48341724276542664,-3.999570452606349e-08,-0.8753900527954102,-3.5736341885694856e-08,1,-6.54237126695989e-08,0.8753900527954102,6.291018905812962e-08,0.48341724276542664},dt=0.016564538003876805},{cf={117.24482727050781,15.497819900512695,-51.2770881652832,0.48341798782348633,-2.648602404065059e-08,-0.8753896355628967,-3.8507938171505884e-08,1,-5.1521574562229944e-08,0.8753896355628967,5.861590679501205e-08,0.48341798782348633},dt=0.01686684601008892},{cf={117.24482727050781,15.498812675476074,-51.2770881652832,0.48341694474220276,-1.2988009778780452e-08,-0.8753902316093445,-4.127714348101108e-08,1,-3.763130962397554e-08,0.8753902316093445,5.432521987813743e-08,0.48341694474220276},dt=0.021708230982767418}}
