return {{cf={134.20542907714844,3.9999992847442627,-57.05965042114258,0.6266749501228333,8.021872588415135e-08,-0.7792807817459106,-2.7380902878348934e-08,1,8.092051473340689e-08,0.7792807817459106,-2.9373445897817874e-08,0.6266749501228333},dt=0.015925307001452893},{cf={134.20542907714844,3.9999992847442627,-57.05965042114258,0.6266749501228333,1.0013828699584337e-07,-0.7792807817459106,-3.385058278126962e-08,1,1.0127926231007223e-07,0.7792807817459106,-3.7090067905865e-08,0.6266749501228333},dt=0.01479807699797675},{cf={134.20542907714844,3.9999992847442627,-57.05965042114258,0.6266749501228333,1.200408377144413e-07,-0.7792807817459106,-4.031473110899242e-08,1,1.2162061580056616e-07,0.7792807817459106,-4.480009607732427e-08,0.6266749501228333},dt=0.018104923015926033},{cf={134.20542907714844,3.9999992847442627,-57.05965042114258,0.6266749501228333,7.330447004960661e-08,-0.7792807817459106,-2.449052693975773e-08,1,7.437225946205217e-08,0.7792807817459106,-2.7522233381205297e-08,0.6266749501228333},dt=0.01460684699122794},{cf={134.20542907714844,3.9999992847442627,-57.05965042114258,0.6266749501228333,2.66080242283806e-08,-0.7792807817459106,-8.679836405178776e-09,1,2.7164263727286198e-08,0.7792807817459106,-1.025913309860016e-08,0.6266749501228333},dt=0.0180448459868785},{cf={134.20542907714844,3.9999992847442627,-57.05965042114258,0.6266749501228333,-2.0048526394589317e-08,-0.7792807817459106,7.117347600171797e-09,1,-2.0003398049084353e-08,0.7792807817459106,6.989216760899808e-09,0.6266749501228333},dt=0.01708900000085123},{cf={134.15721130371094,4.711144924163818,-57.0246696472168,0.6253242492675781,0.020526034757494926,-0.7800950407981873,-0.002281428314745426,0.9996978044509888,0.024475477635860443,0.7803617119789124,-0.013525379821658134,0.6251821517944336},dt=0.027852307015564293},{cf={134.06997680664062,4.3735785484313965,-56.9617805480957,0.624515950679779,0.01982695423066616,-0.7807603478431702,-0.0021694216411560774,0.9997178912162781,0.0236519742757082,0.7810090184211731,-0.013077236711978912,0.6243827939033508},dt=0.013659999996889383},{cf={134.05772399902344,4.084710121154785,-56.95303726196289,0.624460756778717,0.0029507039580494165,-0.7810505628585815,-0.0003195378521922976,0.9999937415122986,0.003522366750985384,0.7810561060905457,-0.0019500046037137508,0.624457836151123},dt=0.01262177000171505},{cf={134.05831909179688,3.9007577896118164,-56.95340347290039,0.6244513988494873,-0.007941403426229954,-0.7810232639312744,0.0008701464394107461,0.9999547600746155,-0.009471778757870197,0.7810631394386292,0.005235061049461365,0.6244300603866577},dt=0.012409229995682836},{cf={134.06033325195312,3.9073076248168945,-56.9547233581543,0.6244540810585022,-0.004502712283283472,-0.7810485363006592,0.0004915050812996924,0.9999854564666748,-0.005371912848204374,0.7810613512992859,0.0029706235509365797,0.624447226524353},dt=0.016966154013061896},{cf={134.05984497070312,3.9508185386657715,-56.95440673828125,0.6244565844535828,0.0004989633453078568,-0.7810593843460083,-0.00005503105785464868,0.9999998211860657,0.0005948315956629813,0.7810595035552979,-0.00032846396788954735,0.624456524848938},dt=0.01746623098733835},{cf={134.0594482421875,4.61523962020874,-56.95414733886719,0.6244569420814514,0.0015149982646107674,-0.7810577750205994,-0.0001655757805565372,0.9999983310699463,0.0018072937382385135,0.781059205532074,-0.000999252893961966,0.6244561672210693},dt=0.01606430800165981},{cf={133.9357452392578,4.871221542358398,-56.89530944824219,0.6171963810920715,0.11783861368894577,-0.7779349088668823,-0.044158246368169785,0.9923506379127502,0.11528331786394119,0.7855690121650696,-0.03680020570755005,0.6176787614822388},dt=0.01398861498455517},{cf={133.3467254638672,5.093748092651367,-56.7133674621582,0.5904309153556824,0.3762061893939972,-0.714044988155365,-0.1577967405319214,0.9214518070220947,0.3550025522708893,0.791512131690979,-0.09693052619695663,0.6034177541732788},dt=0.020876308000879362},{cf={132.34356689453125,5.812316417694092,-56.42929458618164,0.5167381167411804,0.7197813391685486,-0.4635693430900574,-0.32562512159347534,0.6660022735595703,0.6711253523826599,0.7918017506599426,-0.19584619998931885,0.5785276293754578},dt=0.015739615017082542},{cf={131.2781219482422,6.6951141357421875,-56.13383483886719,0.38369640707969666,0.9203097820281982,-0.07620352506637573,-0.49831148982048035,0.2758161127567291,0.821955680847168,0.7774720191955566,-0.2774083614349365,0.5644305944442749},dt=0.014843154000118375},{cf={130.15695190429688,7.718770980834961,-55.81990432739258,0.5095279812812805,0.8343513011932373,-0.21033120155334473,-0.4882853329181671,0.4816438555717468,0.7277339100837708,0.7084904313087463,-0.2680991291999817,0.6528124809265137},dt=0.015120230993488804},{cf={128.98477172851562,8.745327949523926,-55.48229217529297,0.756922721862793,0.42716914415359497,-0.4945650100708008,-0.2722642421722412,0.8941134810447693,0.35557445883750916,0.5940877199172974,-0.1344900131225586,0.7930777072906494},dt=0.01912676900974475},{cf={127.87457275390625,9.630561828613281,-55.16315841674805,0.8364423513412476,0.10545901954174042,-0.5378127694129944,-0.0732305720448494,0.9940184354782104,0.0810227245092392,0.5431404113769531,-0.028386499732732773,0.8391619324684143},dt=0.017821538989664987},{cf={126.86248779296875,10.435203552246094,-54.87556838989258,0.8461962342262268,-0.00048272134154103696,-0.5328711271286011,-0.0012944608461111784,0.9999947547912598,-0.002961479127407074,0.532869815826416,0.003195773344486952,0.8461912274360657},dt=0.012033306993544102},{cf={125.91475677490234,11.183661460876465,-54.607147216796875,0.8470262885093689,-0.012407575733959675,-0.5314061641693115,0.007947234436869621,0.999911367893219,-0.010679136961698532,0.5314915776252747,0.004822300281375647,0.8470498323440552},dt=0.01752946199849248},{cf={125.01039123535156,11.877663612365723,-54.350830078125,0.8471704721450806,-0.005784245207905769,-0.5312896370887756,0.003890605177730322,0.9999814629554749,-0.004683192819356918,0.5313069224357605,0.0019004245987161994,0.847177267074585},dt=0.02117507701041177},{cf={124.14364624023438,12.517149925231934,-54.104976654052734,0.847196638584137,-0.0012879489222541451,-0.5312779545783997,0.0009121830225922167,0.9999991059303284,-0.000969642074778676,0.5312787294387817,0.0003368547768332064,0.8471970558166504},dt=0.016358460998162627},{cf={123.3142318725586,13.102131843566895,-53.8696403503418,0.847199559211731,0.0000625785396550782,-0.5312747955322266,-0.000020509993191808462,1,0.00008508306200383231,0.5312747955322266,-0.00006118589226389304,0.847199559211731},dt=0.01431023099576123},{cf={122.5226821899414,13.632613182067871,-53.645042419433594,0.8471998572349548,0.00017836519691627473,-0.5312743186950684,-0.00011511973571032286,1,0.00015215449093375355,0.5312743186950684,-0.00006774510984541848,0.8471998572349548},dt=0.014456538017839193},{cf={121.76929473876953,14.10859489440918,-53.4312744140625,0.8471999168395996,0.00007671473576920107,-0.5312742590904236,-0.00005181134110898711,1,0.00006177633622428402,0.5312742590904236,-0.000024810873583192006,0.8471999168395996},dt=0.021003999980166554},{cf={121.05414581298828,14.530076026916504,-53.22835159301758,0.8471999168395996,0.000015484367395401932,-0.5312742590904236,-0.000011075645488745067,1,0.00001148386400018353,0.5312742590904236,-0.000003844922957796371,0.8471999168395996},dt=0.017183999996632338},{cf={120.37721252441406,14.897058486938477,-53.036277770996094,0.8471999168395996,-0.0000015817855683053494,-0.5312742590904236,7.774922323733335e-07,1,-0.0000017375098195770988,0.5312742590904236,0.0000010589565135887824,0.8471999168395996},dt=0.012072924000676721},{cf={119.73849487304688,15.209540367126465,-52.855045318603516,0.8471999168395996,-0.0000025347826522192918,-0.5312742590904236,0.0000016464969121443573,1,-0.0000021455409751069965,0.5312742590904236,9.429605825062026e-07,0.8471999168395996},dt=0.015684923011576757},{cf={119.13798522949219,15.467522621154785,-52.68465805053711,0.8471999168395996,-0.0000010101448424393311,-0.5312742590904236,6.850530667179555e-07,1,-8.089380116871325e-07,0.5312742590904236,3.2138115102497977e-07,0.8471999168395996},dt=0.020115691993851215},{cf={118.44107818603516,15.713358879089355,-52.48692321777344,0.8471999168395996,-9.041551862765118e-08,-0.5312742590904236,6.882034853106234e-08,1,-6.044133726845757e-08,0.5312742590904236,1.4643414480985939e-08,0.8471999168395996},dt=0.018084000010276213},{cf={118.0516128540039,15.819986343383789,-52.37641143798828,0.8471999168395996,3.095813383424684e-08,-0.5312742590904236,-1.7048265021912812e-08,1,3.1085349405657325e-08,0.5312742590904236,-1.727820020391846e-08,0.8471999168395996},dt=0.01464338498772122},{cf={117.56575775146484,15.914467811584473,-52.23855209350586,0.8471999168395996,9.983994431195242e-08,-0.5312742590904236,-6.795892915079094e-08,1,7.955429026651473e-08,0.5312742590904236,-3.129355619080343e-08,0.8471999168395996},dt=0.015676615003030747},{cf={117.11811065673828,15.954449653625488,-52.111534118652344,0.8471999168395996,1.1687514955838196e-07,-0.5312742590904236,-8.237739024252733e-08,1,8.862659939268269e-08,0.5312742590904236,-3.131945902623556e-08,0.8471999168395996},dt=0.015430769009981304},{cf={116.70867156982422,15.939931869506836,-51.995361328125,0.8471999168395996,1.3389579578415578e-07,-0.5312742590904236,-9.6783537628653e-08,1,9.769116360303087e-08,0.5312742590904236,-3.1345340545385625e-08,0.8471999168395996},dt=0.016192922979826108},{cf={116.33744049072266,15.8709135055542,-51.89003372192383,0.8471999168395996,1.509019114109833e-07,-0.5312742590904236,-1.1117737130916794e-07,1,1.0674798289755927e-07,0.5312742590904236,-3.137120430096729e-08,0.8471999168395996},dt=0.01560461602639407},{cf={116.00443267822266,15.747395515441895,-51.7955436706543,0.8471999168395996,1.6789348933343717e-07,-0.5312742590904236,-1.2555891260035423e-07,1,1.1579706438169524e-07,0.5312742590904236,-3.139704318755321e-08,0.8471999168395996},dt=0.01933384599396959},{cf={115.70964813232422,15.569376945495605,-51.71189880371094,0.8471999168395996,1.6742281161441497e-07,-0.5312742590904236,-1.26596702898496e-07,1,1.1325617776947183e-07,0.5312742590904236,-2.8693055043049753e-08,0.8471999168395996},dt=0.01493969198781997},{cf={115.58773803710938,15.419597625732422,-51.67730712890625,0.8471999168395996,3.846070129043255e-08,-0.5312742590904236,-2.985599323324095e-08,1,2.4783254559679335e-08,0.5312742590904236,-5.134649150306814e-09,0.8471999168395996},dt=0.019741922995308414},{cf={115.58283233642578,15.487747192382812,-51.67591094970703,0.8471999168395996,-5.161854943480648e-08,-0.5312742590904236,3.9409368213227935e-08,1,-3.431548734056378e-08,0.5312742590904236,8.134894535771764e-09,0.8471999168395996},dt=0.07551384600810707},{cf={115.58283233642578,15.493313789367676,-51.67591094970703,0.8471999168395996,-2.7919504930196126e-08,-0.5312742590904236,2.216608230298789e-08,1,-1.7204676794335683e-08,0.5312742590904236,2.799531495512042e-09,0.8471999168395996},dt=0.008116231008898467},{cf={115.58283233642578,15.495063781738281,-51.67591094970703,0.8471999168395996,-1.6077576603379384e-08,-0.5312742590904236,1.3549965593995239e-08,1,-8.654751582071185e-09,0.5312742590904236,1.335569294047545e-10,0.8471999168395996},dt=0.00965292300679721},{cf={115.58283233642578,15.49731159210205,-51.67591094970703,0.8471999168395996,7.591105521953523e-09,-0.5312742590904236,-3.671224657608718e-09,1,8.434145826186068e-09,0.5312742590904236,-5.194980445821784e-09,0.8471999168395996},dt=0.017348999972455204},{cf={115.58283233642578,15.498741149902344,-51.67591094970703,0.8471999168395996,3.714852780944966e-08,-0.5312742590904236,-2.5177021356626028e-08,1,2.9774748000477302e-08,0.5312742590904236,-1.1849261127849786e-08,0.8471999168395996},dt=0.018305231002159417},{cf={115.58283233642578,15.499410629272461,-51.67591094970703,0.8471999168395996,6.667439578222911e-08,-0.5312742590904236,-4.665985287033436e-08,1,5.1092577280087426e-08,0.5312742590904236,-1.8496448817018063e-08,0.8471999168395996},dt=0.02041200001258403},{cf={115.58283233642578,15.499626159667969,-51.67591094970703,0.8471999168395996,8.437477561074047e-08,-0.5312742590904236,-5.9538535879255505e-08,1,6.387234918747708e-08,0.5312742590904236,-2.2481357220272002e-08,0.8471999168395996},dt=0.015430153987836093},{cf={115.58283233642578,15.499795913696289,-51.67591094970703,0.8471999168395996,1.0795764637805405e-07,-0.5312742590904236,-7.66972760857243e-08,1,8.089931213817181e-08,0.5312742590904236,-2.7790603596145047e-08,0.8471999168395996},dt=0.01689015401643701},{cf={115.58283233642578,15.49988842010498,-51.67591094970703,0.8471999168395996,9.751072838071195e-08,-0.5312742590904236,-6.954625320076957e-08,1,7.263884782560126e-08,0.5312742590904236,-2.459148795708188e-08,0.8471999168395996},dt=0.01482515298994258},{cf={115.58283233642578,15.49993896484375,-51.67591094970703,0.8471999168395996,5.307761696826674e-08,-0.5312742590904236,-3.81166245233544e-08,1,3.912332857680667e-08,0.5312742590904236,-1.2894897594151189e-08,0.8471999168395996},dt=0.01618369299103506},{cf={115.58283233642578,15.499972343444824,-51.67591094970703,0.8471999168395996,-2.410406541031307e-09,-0.5312742590904236,1.132657745372967e-09,1,-2.730828674302188e-09,0.5312742590904236,1.7118059192355872e-09,0.8471999168395996},dt=0.019232000020565465},{cf={115.58283233642578,15.499982833862305,-51.67591094970703,0.8471999168395996,-3.56747804630686e-08,-0.5312742590904236,2.46621052468754e-08,1,-2.7821878134659528e-08,0.5312742590904236,1.0468352407144721e-08,0.8471999168395996},dt=0.015286231006029993},{cf={115.58283233642578,15.499991416931152,-51.67591094970703,0.8471999168395996,-7.999412332537759e-08,-0.5312742590904236,5.601124186682682e-08,1,-6.125161178260896e-08,0.5312742590904236,2.2135031585435172e-08,0.8471999168395996},dt=0.016015691973734647},{cf={115.58283233642578,15.499995231628418,-51.67591094970703,0.8471999168395996,-9.022735270036719e-08,-0.5312742590904236,6.338876801237348e-08,1,-6.874865476902414e-08,0.5312742590904236,2.4567032852473858e-08,0.8471999168395996},dt=0.017468231002567336},{cf={115.58283233642578,15.49999713897705,-51.67591094970703,0.8471999168395996,-6.641813143914987e-08,-0.5312742590904236,4.6825412880480144e-08,1,-5.034621253230398e-08,0.5312742590904236,1.777617164577805e-08,0.8471999168395996},dt=0.01687046099686995},{cf={115.58283233642578,15.49999713897705,-51.67591094970703,0.8471999168395996,-4.262924591103001e-08,-0.5312742590904236,3.0276204654455796e-08,1,-3.1959480395471473e-08,0.5312742590904236,1.0991101362378686e-08,0.8471999168395996},dt=0.01688900002045557},{cf={115.58283233642578,15.49999713897705,-51.67591094970703,0.8471999168395996,-1.8860681905152887e-08,-0.5312742590904236,1.3741136228873074e-08,1,-1.3588447700385586e-08,0.5312742590904236,4.211819781829718e-09,0.8471999168395996},dt=0.015560308005660772},{cf={115.58283233642578,15.49999713897705,-51.67591094970703,0.8471999168395996,4.887578342049892e-09,-0.5312742590904236,-2.7798017221414284e-09,1,4.766899319719187e-09,0.5312742590904236,-2.561679313117793e-09,0.8471999168395996},dt=0.017442691983887926},{cf={115.58283233642578,15.49999713897705,-51.67591094970703,0.8471999168395996,2.861555081778988e-08,-0.5312742590904236,-1.9286622077174798e-08,1,2.310657265525151e-08,0.5312742590904236,-9.329400363355944e-09,0.8471999168395996},dt=0.015871076990151778},{cf={115.58283233642578,15.49999713897705,-51.67591094970703,0.8471999168395996,5.232325506199231e-08,-0.5312742590904236,-3.57793368266357e-08,1,4.143058873751215e-08,0.5312742590904236,-1.6091350474312094e-08,0.8471999168395996},dt=0.016350231016986072},{cf={115.58283233642578,15.49999713897705,-51.67591094970703,0.8471999168395996,7.601070706186874e-08,-0.5312742590904236,-5.225795618457596e-08,1,5.973895866873136e-08,0.5312742590904236,-2.284753364278913e-08,0.8471999168395996},dt=0.016689231008058414},{cf={115.58283233642578,15.49999713897705,-51.67591094970703,0.8471999168395996,9.96779263573444e-08,-0.5312742590904236,-6.872249258549346e-08,1,7.803169665976384e-08,0.5312742590904236,-2.9597954309679153e-08,0.8471999168395996},dt=0.0173528459854424},{cf={115.58283233642578,15.49999713897705,-51.67591094970703,0.8471999168395996,1.0659275773150512e-07,-0.5312742590904236,-7.360831233427234e-08,1,8.325606870585034e-08,0.5312742590904236,-3.1428335489636083e-08,0.8471999168395996},dt=0.017593846016097814},{cf={115.58283233642578,15.49999713897705,-51.67591094970703,0.8471999168395996,6.332665236641333e-08,-0.5312742590904236,-4.38108216371802e-08,1,4.933446007271414e-08,0.5312742590904236,-1.8520587730108673e-08,0.8471999168395996},dt=0.014994461991591379},{cf={115.58283233642578,15.49999713897705,-51.67591094970703,0.8471999168395996,2.009750410536526e-08,-0.5312742590904236,-1.4038795015380856e-08,1,1.5441813161487516e-08,0.5312742590904236,-5.6238524948071245e-09,0.8471999168395996},dt=0.017135383997811005},{cf={115.58283233642578,15.49999713897705,-51.67591094970703,0.8471999168395996,-2.3094711920634836e-08,-0.5312742590904236,1.5707787071050916e-08,1,-1.8421893344111595e-08,0.5312742590904236,7.261883538944858e-09,0.8471999168395996},dt=0.016753845993662253},{cf={115.58283233642578,15.49999713897705,-51.67591094970703,0.8471999168395996,-6.625003123872375e-08,-0.5312742590904236,4.542894416204035e-08,1,-5.225668431307895e-08,0.5312742590904236,2.013663014110989e-08,0.8471999168395996},dt=0.01625607701134868},{cf={115.58283233642578,15.49999713897705,-51.67591094970703,0.8471999168395996,-1.0936848582332459e-07,-0.5312742590904236,7.51247100083674e-08,1,-8.606259171983766e-08,0.5312742590904236,3.300039352893691e-08,0.8471999168395996},dt=0.016999384999508038},{cf={115.58283233642578,15.49999713897705,-51.67591094970703,0.8471999168395996,-8.134738038734213e-08,-0.5312742590904236,5.592253415898085e-08,1,-6.394026286216103e-08,0.5312742590904236,2.445998248390424e-08,0.8471999168395996},dt=0.016583307995460927}}