return {{cf={134.3965606689453,4.875675678253174,-57.11767578125,0.27256712317466736,-1.1100285135512422e-08,-0.9621367454528809,4.1403332318168395e-08,1,1.921788839176486e-10,0.9621367454528809,-3.988805019616848e-08,0.27256712317466736},dt=0.005902461998630315},{cf={134.35487365722656,4.622344970703125,-57.06943893432617,0.26885682344436646,0.009994903579354286,-0.9631282687187195,0.007460394874215126,0.9998945593833923,0.012459012679755688,0.9631512761116028,-0.01053500734269619,0.26875388622283936},dt=0.01379207699210383},{cf={134.34588623046875,4.2604169845581055,-57.05922317504883,0.2717781364917755,0.0028802722226828337,-0.9623556137084961,0.00213986006565392,0.999991238117218,0.0035972297191619873,0.9623575806617737,-0.0030369546730071306,0.27176958322525024},dt=0.01616484599071555},{cf={134.3462677001953,3.898305892944336,-57.059635162353516,0.2724575996398926,-0.003525744192302227,-0.9621613025665283,-0.0026440308429300785,0.9999867677688599,-0.0044130682945251465,0.9621641635894775,0.0037463584449142218,0.2724446654319763},dt=0.01636900001903996},{cf={134.3470001220703,3.8855693340301514,-57.060401916503906,0.2725578248500824,-0.001781446859240532,-0.962137758731842,-0.0013322122395038605,0.9999966025352478,-0.002228938275948167,0.9621384739875793,0.001889286213554442,0.27255451679229736},dt=0.0170322310004849},{cf={134.3472442626953,4.761244297027588,-57.060665130615234,0.2725588083267212,0.000869625189807266,-0.9621387124061584,0.0006546179065480828,0.9999991655349731,0.001089288154616952,0.9621388912200928,-0.0009267283021472394,0.2725580334663391},dt=0.01673446097993292},{cf={134.2958221435547,4.660708427429199,-57.00507354736328,0.2709518074989319,0.012395191937685013,-0.9625130891799927,0.009181061759591103,0.9998383522033691,0.015460374765098095,0.9625491499900818,-0.01302590873092413,0.27079418301582336},dt=0.016539385018404573},{cf={134.28494262695312,4.306547164916992,-56.99322509765625,0.27224910259246826,0.0031493587885051966,-0.9622216820716858,0.0023317006416618824,0.9999895691871643,0.003932700026780367,0.962224006652832,-0.0033142869360744953,0.27223891019821167},dt=0.01663507698685862},{cf={134.2858428955078,3.8450496196746826,-56.9941520690918,0.2724973261356354,-0.004468828905373812,-0.9621461629867554,-0.003315779846161604,0.9999788999557495,-0.005583637859672308,0.9621508121490479,0.004711791407316923,0.27247676253318787},dt=0.02055138399009593},{cf={134.286376953125,3.8319411277770996,-56.994712829589844,0.2725714445114136,-0.0023155100643634796,-0.9621327519416809,-0.0017173660453408957,0.9999943375587463,-0.0028931577689945698,0.9621340036392212,0.0024409263860434294,0.27256590127944946},dt=0.018048000027192757},{cf={134.28677368164062,4.939307689666748,-56.99514389038086,0.27255478501319885,0.0018908152123913169,-0.9621384143829346,0.001404228270985186,0.9999962449073792,0.002363004256039858,0.9621392488479614,-0.001995110185816884,0.27255111932754517},dt=0.017286538990447298},{cf={134.12002563476562,5.036822319030762,-56.89023971557617,0.2695261836051941,0.0642319917678833,-0.9608485102653503,0.02244190126657486,0.9970831274986267,0.07294938713312149,0.9627315402030945,-0.04122503846883774,0.26729851961135864},dt=0.015173230989603326},{cf={133.79998779296875,4.903067111968994,-56.73466110229492,0.27257442474365234,0.21428227424621582,-0.9379692077636719,0.027180736884474754,0.972779393196106,0.230133518576622,0.9617506861686707,-0.08822320401668549,0.2593304514884949},dt=0.013627000007545575},{cf={132.9854736328125,5.382966041564941,-56.39320373535156,0.28251275420188904,0.4885299503803253,-0.8255453109741211,0.05129028111696243,0.8516793251037598,0.5215473771095276,0.9578913450241089,-0.18968623876571655,0.215553417801857},dt=0.01991423001163639},{cf={132.01600646972656,6.201414585113525,-55.99551010131836,0.3190931975841522,0.791877806186676,-0.5206813216209412,0.08059020340442657,0.5247399806976318,0.847439169883728,0.9442905783653259,-0.31237390637397766,0.10362336784601212},dt=0.017038692982168868},{cf={130.97079467773438,7.195867538452148,-55.56474304199219,0.37409859895706177,0.6691696643829346,-0.6420764923095703,0.06109773367643356,0.6730607151985168,0.7370592355728149,0.9253741502761841,-0.314962238073349,0.21090631186962128},dt=0.016217538010096177},{cf={129.6201934814453,8.394017219543457,-55.01247024536133,0.30621999502182007,0.2171364575624466,-0.9268662929534912,0.01698766089975834,0.9722377061843872,0.23337802290916443,0.9518091678619385,-0.08721030503511429,0.29402998089790344},dt=0.015746230987133458},{cf={128.8705291748047,9.029342651367188,-54.708438873291016,0.2721988260746002,0.060139644891023636,-0.9603598117828369,0.0014002351090312004,0.9980191588401794,0.06289482116699219,0.9622400403022766,-0.018464626744389534,0.2715754508972168},dt=0.015811385004781187},{cf={127.72127532958984,10.008687973022461,-54.24243927001953,0.2716449201107025,-0.010674051940441132,-0.9623383283615112,-0.0023449729196727276,0.9999281764030457,-0.011752920225262642,0.9623947143554688,0.005449278280138969,0.2716003656387329},dt=0.01592299999902025},{cf={126.85955047607422,10.730435371398926,-53.892337799072266,0.2725163996219635,-0.008696384727954865,-0.9621118307113647,-0.001020369352772832,0.999955952167511,-0.009327470324933529,0.9621505737304688,0.0035235981922596693,0.2724955379962921},dt=0.01727115298854187},{cf={126.23829650878906,11.235983848571777,-53.639739990234375,0.27256321907043457,-0.004024121910333633,-0.9621294736862183,-0.00034186121774837375,0.9999907612800598,-0.0042793238535523415,0.9621378183364868,0.0014953010249882936,0.27255934476852417},dt=0.01553723102551885},{cf={125.44135284423828,11.862351417541504,-53.315643310546875,0.272565096616745,-0.0007044161902740598,-0.9621371030807495,-0.000005716342911910033,0.9999997019767761,-0.0007337562274187803,0.9621373414993286,0.00020549623877741396,0.27256500720977783},dt=0.01787223099381663},{cf={124.68051147460938,12.434215545654297,-53.00623321533203,0.27256661653518677,0.00013372395187616348,-0.9621369242668152,0.00003683531394926831,1,0.00014942159759812057,0.9621369242668152,-0.0000761679548304528,0.2725665867328644},dt=0.016696614999091253},{cf={123.95623779296875,12.951580047607422,-52.711692810058594,0.27256643772125244,0.00014438315702136606,-0.9621369242668152,0.000017998016119236127,1,0.00015516378334723413,0.96213698387146,-0.00005960899579804391,0.27256643772125244},dt=0.018161307991249487},{cf={123.26873016357422,13.414444923400879,-52.4321174621582,0.27256643772125244,0.00005249480454949662,-0.96213698387146,0.000004212140083836857,1,0.00005575390241574496,0.96213698387146,-0.000019249297110945918,0.27256643772125244},dt=0.015611384995281696},{cf={122.46110534667969,13.91638469696045,-52.10369873046875,0.27256837487220764,0.0000033893147701746784,-0.9621363878250122,-3.9143273511399457e-07,1,0.000003411805664654821,0.9621363878250122,-5.533386797651474e-07,0.27256837487220764},dt=0.018177846010075882},{cf={121.85641479492188,14.256624221801758,-51.8577995300293,0.2725676894187927,-0.0000026330390028306283,-0.9621366262435913,-4.701041405041906e-07,1,-0.0000028698359528789297,0.9621366262435913,0.0000012345288951109978,0.2725676894187927},dt=0.01694576899171807},{cf={121.42704010009766,14.476038932800293,-51.683197021484375,0.2725672423839569,-0.000002007938292081235,-0.9621367454528809,-2.39635966181595e-07,1,-0.0000021548446511587827,0.9621367454528809,8.17902616745414e-07,0.2725672423839569},dt=0.01368338501197286},{cf={120.75741577148438,14.773604393005371,-51.410892486572266,0.2725681662559509,-4.6329100200637185e-07,-0.962136447429657,-2.848597091542615e-08,1,-4.895931056125846e-07,0.962136447429657,1.6085488141470705e-07,0.2725681662559509},dt=0.01752430698252283},{cf={120.38323974609375,14.91126823425293,-51.258731842041016,0.2725685238838196,-8.762251724192538e-08,-0.9621363878250122,3.642586676733117e-09,1,-9.003885992342475e-08,0.9621363878250122,2.1037093844711308e-08,0.2725685238838196},dt=0.01535146200330928},{cf={119.80561065673828,15.07258415222168,-51.02383804321289,0.27256667613983154,7.844833049830413e-08,-0.9621369242668152,9.461530225962633e-09,1,8.421590536045187e-08,0.9621369242668152,-3.205773779768606e-08,0.27256667613983154},dt=0.01834576900000684},{cf={119.38489532470703,15.140323638916016,-50.85275650024414,0.2725677192211151,1.1410249811660833e-07,-0.9621366262435913,7.64543539588658e-09,1,1.2075872746208915e-07,0.9621366262435913,-4.027088351676866e-08,0.2725677192211151},dt=0.01821423100773245},{cf={119.09351348876953,15.155363082885742,-50.7342643737793,0.2725657820701599,1.1514381270671947e-07,-0.9621371626853943,5.107454459363225e-09,1,1.2112195690860972e-07,0.9621371626853943,-3.7927772922330405e-08,0.2725657820701599},dt=0.01339323099819012},{cf={118.65386199951172,15.112302780151367,-50.55548095703125,0.2725679576396942,1.1687764356338448e-07,-0.9621365070343018,8.811050222767847e-10,1,1.2172679930699815e-07,0.9621365070343018,-3.4026570006062684e-08,0.2725679576396942},dt=0.019490461010718718},{cf={118.47559356689453,15.216463088989258,-50.48299026489258,0.2725657820701599,1.1826351453692041e-07,-0.9621371626853943,-2.4967212741699996e-09,1,1.222102241626999e-07,0.9621371626853943,-3.090813649464508e-08,0.2725657820701599},dt=0.017556845996296033},{cf={118.46348571777344,15.308916091918945,-50.478065490722656,0.2725663483142853,1.193020722212168e-07,-0.96213698387146,-5.028195193546026e-09,1,1.2257251569280925e-07,0.96213698387146,-2.857133196698669e-08,0.2725663483142853},dt=0.013694461988052353},{cf={118.46282196044922,15.393080711364746,-50.47779846191406,0.2725661098957062,1.2068579735569074e-07,-0.9621370434761047,-8.40096969767501e-09,1,1.2305521579492051e-07,0.9621370434761047,-2.545779764773215e-08,0.2725661098957062},dt=0.015241846005665138},{cf={118.46281433105469,15.441327095031738,-50.4777946472168,0.27256783843040466,1.2206828614580445e-07,-0.9621365666389465,-1.1770861618742856e-08,1,1.2353748957139032e-07,0.9621365666389465,-2.2347169448266868e-08,0.27256783843040466},dt=0.020271692017558962},{cf={118.46281433105469,15.472487449645996,-50.4777946472168,0.2725661098957062,1.2379484815028263e-07,-0.9621370434761047,-1.5979177092617647e-08,1,1.2413977401593002e-07,0.9621370434761047,-1.8462136708308208e-08,0.2725661098957062},dt=0.015893615985987708},{cf={118.46281433105469,15.48501205444336,-50.4777946472168,0.2725650668144226,1.251747647756929e-07,-0.9621373414993286,-1.9342587975756942e-08,1,1.2462112408684334e-07,0.9621373414993286,-1.5357139560023825e-08,0.2725650668144226},dt=0.014906769007211551},{cf={118.46281433105469,15.490498542785645,-50.4777946472168,0.2725681662559509,1.262088602516087e-07,-0.962136447429657,-2.1863266752575328e-08,1,1.2498188084464346e-07,0.962136447429657,-1.3030637902033959e-08,0.2725681662559509},dt=0.01629969198256731},{cf={118.46281433105469,15.49482536315918,-50.4777946472168,0.2725685238838196,1.2758667367052112e-07,-0.9621363878250122,-2.522165054585912e-08,1,1.254625061619663e-07,0.9621363878250122,-9.930463562568548e-09,0.2725685238838196},dt=0.01695692300563678},{cf={118.46281433105469,15.49718189239502,-50.4777946472168,0.2725667953491211,1.2896332179934689e-07,-0.9621368646621704,-2.857716374649044e-08,1,1.2594273357535712e-07,0.9621368646621704,-6.832662435840575e-09,0.2725667953491211},dt=0.01572761600255035},{cf={118.46281433105469,15.498465538024902,-50.4777946472168,0.2725653052330017,1.3033881884894072e-07,-0.9621372818946838,-3.192981168353981e-08,1,1.264225488739612e-07,0.9621372818946838,-3.737541387494048e-09,0.2725653052330017},dt=0.019618538004579023},{cf={118.46281433105469,15.499164581298828,-50.4777946472168,0.27256643772125244,1.3171309376502904e-07,-0.96213698387146,-3.527959080429355e-08,1,1.2690196626863326e-07,0.96213698387146,-6.454159429125639e-10,0.27256643772125244},dt=0.014099307998549193},{cf={118.46281433105469,15.499608993530273,-50.4777946472168,0.27256667613983154,1.3342931026727456e-07,-0.9621369242668152,-3.946279392152974e-08,1,1.2750062694522057e-07,0.9621369242668152,3.2161879826020368e-09,0.27256667613983154},dt=0.018830846005585045},{cf={118.46281433105469,15.499788284301758,-50.4777946472168,0.2725670337677002,1.3480095617524057e-07,-0.9621368050575256,-4.2806146183238525e-08,1,1.2797912063433614e-07,0.9621368050575256,6.30248031541214e-09,0.2725670337677002},dt=0.015445768978679553},{cf={118.46281433105469,15.499865531921387,-50.4777946472168,0.2725677192211151,1.3582892677277414e-07,-0.9621366262435913,-4.531177921762719e-08,1,1.2833770313136483e-07,0.9621366262435913,8.615409718970568e-09,0.2725677192211151},dt=0.017589847004273906},{cf={118.46281433105469,15.499938011169434,-50.4777946472168,0.27256807684898376,1.3754073791005794e-07,-0.9621365070343018,-4.9484274455835475e-08,1,1.289348290356429e-07,0.9621365070343018,1.2467107346481043e-08,0.27256807684898376},dt=0.01695230702171102},{cf={118.46281433105469,15.499966621398926,-50.4777946472168,0.2725685238838196,1.389088737369093e-07,-0.9621363878250122,-5.2819057572150996e-08,1,1.2941207216954353e-07,0.9621363878250122,1.5545477793921236e-08,0.2725685238838196},dt=0.016425230976892635},{cf={118.46281433105469,15.499979019165039,-50.4777946472168,0.27256566286087036,1.399341584829017e-07,-0.9621371626853943,-5.5318277958349427e-08,1,1.2976974517187045e-07,0.9621371626853943,1.7852991973654753e-08,0.27256566286087036},dt=0.016898154019145295},{cf={118.46281433105469,15.499990463256836,-50.4777946472168,0.2725672721862793,7.290460501963025e-08,-0.9621367454528809,-3.0805786366272514e-08,1,6.704655675093818e-08,0.9621367454528809,1.1364679863845595e-08,0.2725672721862793},dt=0.017314768978394568},{cf={118.46281433105469,15.499994277954102,-50.4777946472168,0.2725672721862793,5.590922391718323e-09,-0.9621367454528809,-5.482226228537002e-09,1,4.257863395196182e-09,0.9621367454528809,4.114097063023792e-09,0.2725672721862793},dt=0.014706462010508403},{cf={118.46281433105469,15.49999713897705,-50.4777946472168,0.2725672721862793,-6.166527555251378e-08,-0.9621367454528809,1.9819699659251455e-08,1,-5.847721240570536e-08,0.9621367454528809,-3.1302871406069244e-09,0.2725672721862793},dt=0.016408077004598454},{cf={118.46281433105469,15.49999713897705,-50.4777946472168,0.2725672721862793,-9.171041170930039e-08,-0.9621367454528809,3.194391595684465e-08,1,-8.627001335526074e-08,0.9621367454528809,-7.220033015897798e-09,0.2725672721862793},dt=0.018094383995048702},{cf={118.46281433105469,15.49999713897705,-50.4777946472168,0.2725672721862793,-8.637113069198676e-08,-0.9621367454528809,3.116636904110237e-08,1,-8.094088599364113e-08,0.9621367454528809,-7.924473521825348e-09,0.2725672721862793},dt=0.014562461990863085},{cf={118.46281433105469,15.49999713897705,-50.4777946472168,0.2725672721862793,-7.925740419523208e-08,-0.9621367454528809,3.013041904864622e-08,1,-7.384068823057532e-08,0.9621367454528809,-8.863026756955605e-09,0.2725672721862793},dt=0.016725615016184747},{cf={118.46281433105469,15.49999713897705,-50.4777946472168,0.2725672721862793,-7.214975283886815e-08,-0.9621367454528809,2.9095351905539246e-08,1,-6.674655139704555e-08,0.9621367454528809,-9.800780631508133e-09,0.2725672721862793},dt=0.016910461999941617},{cf={118.46281433105469,15.49999713897705,-50.4777946472168,0.2725672721862793,-6.504816951746761e-08,-0.9621367454528809,2.8061167611781457e-08,1,-5.965847549305181e-08,0.9621367454528809,-1.073773248094767e-08,0.2725672721862793},dt=0.01872707699658349},{cf={118.46281433105469,15.49999713897705,-50.4777946472168,0.2725672721862793,-5.617971154947554e-08,-0.9621367454528809,2.6769676253479702e-08,1,-5.080688936232036e-08,0.9621367454528809,-1.1907794750243283e-08,0.2725672721862793},dt=0.017174692009575665},{cf={118.46281433105469,15.49999713897705,-50.4777946472168,0.2725672721862793,-4.909176354317424e-08,-0.9621367454528809,2.5737477926668362e-08,1,-4.373242035171643e-08,0.9621367454528809,-1.2842947150204509e-08,0.2725672721862793},dt=0.01805015400168486},{cf={118.46281433105469,15.49999713897705,-50.4777946472168,0.2725672721862793,-4.377977091962748e-08,-0.9621367454528809,2.49639082738895e-08,1,-3.843053164587218e-08,0.9621367454528809,-1.3543787424907805e-08,0.2725672721862793},dt=0.014531768974848092},{cf={118.46281433105469,15.49999713897705,-50.4777946472168,0.2725672721862793,-3.4934011239329266e-08,-0.9621367454528809,2.367572271566587e-08,1,-2.9601595841199924e-08,0.9621367454528809,-1.4710857421107448e-08,0.2725672721862793},dt=0.0158780770143494},{cf={118.46281433105469,15.49999713897705,-50.4777946472168,0.2725672721862793,-2.9631086917447647e-08,-0.9621367454528809,2.2903472896018684e-08,1,-2.430875767345242e-08,0.9621367454528809,-1.5410501319479408e-08,0.2725672721862793},dt=0.017798537999624386},{cf={118.46281433105469,15.49999713897705,-50.4777946472168,0.2725672721862793,-2.0800424493927494e-08,-0.9621367454528809,2.161748824391907e-08,1,-1.5494890703848796e-08,0.9621367454528809,-1.6575578243305245e-08,0.2725672721862793},dt=0.016491615999257192},{cf={118.46281433105469,15.49999713897705,-50.4777946472168,0.2725672721862793,-1.550655071014262e-08,-0.9621367454528809,2.084655470468988e-08,1,-1.0211087086986481e-08,0.9621367454528809,-1.7274027541702708e-08,0.2725672721862793},dt=0.01400953799020499},{cf={118.46281433105469,15.49999713897705,-50.4777946472168,0.2725672721862793,-8.453325150981073e-09,-0.9621367454528809,1.9819411889443472e-08,1,-3.171277462854505e-09,0.9621367454528809,-1.820459694101828e-08,0.2725672721862793},dt=0.01872000002185814},{cf={118.46281433105469,15.49999713897705,-50.4777946472168,0.2725672721862793,-1.40612221866121e-09,-0.9621367454528809,1.879314837083257e-08,1,3.8625223020005706e-09,0.9621367454528809,-1.913437408518348e-08,0.2725672721862793},dt=0.01698438500170596},{cf={118.46281433105469,15.49999713897705,-50.4777946472168,0.2725672721862793,5.635063970998999e-09,-0.9621367454528809,1.776776059614349e-08,1,1.0890317092560053e-08,0.9621367454528809,-2.006335897419831e-08,0.2725672721862793},dt=0.013154768996173516},{cf={118.46281433105469,15.49999713897705,-50.4777946472168,0.2725672721862793,1.267023908013698e-08,-0.9621367454528809,1.6743246789019395e-08,1,1.7912110905626832e-08,0.9621367454528809,-2.0991548055349085e-08,0.2725672721862793},dt=0.017623614985495806},{cf={118.46281433105469,15.49999713897705,-50.4777946472168,0.2725672721862793,2.1455763388189553e-08,-0.9621367454528809,1.54638364335824e-08,1,2.6680925913069586e-08,0.9621367454528809,-2.215067240740609e-08,0.2725672721862793},dt=0.020207077002851292}}
