return {{cf={98.41532897949219,3.9999992847442627,-57.082603454589844,0.7589478492736816,-8.633004711100511e-08,-0.6511514186859131,8.633961101622845e-08,1,-3.194769604419889e-08,0.6511514186859131,-3.197352427264377e-08,0.7589478492736816},dt=0.015240692009683698},{cf={98.41532897949219,3.9999992847442627,-57.082603454589844,0.7589478492736816,-9.371439801952874e-08,-0.6511514186859131,9.381157894949865e-08,1,-3.4579215935082175e-08,0.6511514186859131,-3.4841718843381386e-08,0.7589478492736816},dt=0.015181769005721435},{cf={98.41532897949219,3.9999992847442627,-57.082603454589844,0.7589478492736816,-6.616370740175626e-08,-0.6511514186859131,6.630185112044273e-08,1,-2.4332372561275406e-08,0.6511514186859131,-2.4705540724312414e-08,0.7589478492736816},dt=0.017689539003185928},{cf={98.41532897949219,3.9999992847442627,-57.082603454589844,0.7589478492736816,-3.86365570648195e-08,-0.6511514186859131,3.881563159779944e-08,1,-1.409428929122214e-08,0.6511514186859131,-1.4578024121192357e-08,0.7589478492736816},dt=0.014601000002585351},{cf={98.41532897949219,3.9999992847442627,-57.082603454589844,0.7589478492736816,-1.1132935462399018e-08,-0.6511514186859131,1.1352908835249309e-08,1,-3.8649536904245e-09,0.6511514186859131,-4.459164593129117e-09,0.7589478492736816},dt=0.01806084599229507},{cf={98.41532897949219,3.9999992847442627,-57.082603454589844,0.7589478492736816,1.634717783360884e-08,-0.6511514186859131,-1.6086341148024985e-08,1,6.355640458366452e-09,0.6511514186859131,5.651043633037034e-09,0.7589478492736816},dt=0.01917792300810106},{cf={98.41532897949219,3.9999992847442627,-57.082603454589844,0.7589478492736816,4.3803805027664566e-08,-0.6511514186859131,-4.350213700377026e-08,1,1.6567499372399652e-08,0.6511514186859131,1.5752608106822663e-08,0.7589478492736816},dt=0.014161153987515718},{cf={98.41532897949219,3.9999992847442627,-57.082603454589844,0.7589478492736816,7.12369612188013e-08,-0.6511514186859131,-7.0894500936447e-08,1,2.67706319334593e-08,0.6511514186859131,2.5845539042279597e-08,0.7589478492736816},dt=0.0154339229920879},{cf={98.41532897949219,3.9999992847442627,-57.082603454589844,0.763138473033905,9.881215845553015e-08,-0.6462349891662598,-9.832873359982841e-08,1,3.6788033952461774e-08,0.6462349891662598,3.546910676277548e-08,0.763138473033905},dt=0.018119923013728112},{cf={98.41532897949219,3.9999992847442627,-57.082603454589844,0.7631385326385498,9.315014182220693e-08,-0.646234929561615,-9.280062585048654e-08,1,3.4554634709138554e-08,0.646234929561615,3.360103306704332e-08,0.7631385326385498},dt=0.014759462006622925},{cf={98.39155578613281,4.783642292022705,-57.08556365966797,0.7718309164047241,0.009736551903188229,-0.6357532739639282,-0.008180721662938595,0.9999520778656006,0.00538251455873251,0.6357751488685608,0.0010465290397405624,0.7718735933303833},dt=0.024629845982417464},{cf={98.33023071289062,4.539828777313232,-57.09378433227539,0.7720668315887451,0.015418844297528267,-0.6353542804718018,-0.013028335757553577,0.9998795390129089,0.008433470502495766,0.6354078054428101,0.0017664062324911356,0.7721747159957886},dt=0.009742691996507347},{cf={98.31778717041016,4.167116641998291,-57.09541320800781,0.7741292715072632,0.0014069592580199242,-0.6330259442329407,-0.0011948143364861608,0.9999989867210388,0.0007614490459673107,0.6330264210700989,0.00016688855248503387,0.7741301655769348},dt=0.019367692002560943},{cf={98.31956481933594,3.8761191368103027,-57.095218658447266,0.7822660207748413,-0.004249917343258858,-0.6229299902915955,0.0036204317584633827,0.9999908804893494,-0.0022759181447327137,0.6229339838027954,-0.00047490213182754815,0.7822742462158203},dt=0.02139230800094083},{cf={98.31959533691406,3.916376829147339,-57.095218658447266,0.7861762642860413,-0.0005336986505426466,-0.6180021166801453,0.0004496665205806494,0.9999998807907104,-0.0002915547520387918,0.61800217628479,-0.00004868142059422098,0.7861763834953308},dt=0.02079946201411076},{cf={98.29126739501953,4.947738170623779,-57.108638763427734,0.7899491786956787,0.011858646757900715,-0.6130576133728027,-0.012981266714632511,0.9999123215675354,0.0026148688048124313,0.6130348443984985,0.005892651155591011,0.7900338768959045},dt=0.020600614981958643},{cf={98.20049285888672,4.876152992248535,-57.13412094116211,0.7909069061279297,0.10505441576242447,-0.602851390838623,-0.05716782063245773,0.9935298562049866,0.09813408553600311,0.6092602610588074,-0.04315122589468956,0.7917953729629517},dt=0.013936231000116095},{cf={97.91885375976562,4.866864204406738,-57.05018615722656,0.76991206407547,0.20440591871738434,-0.6045275926589966,-0.12710143625736237,0.9774507880210876,0.16862721741199493,0.6253644227981567,-0.05299179255962372,0.7785314321517944},dt=0.012715384014882147},{cf={96.93180084228516,5.372823715209961,-56.86750411987305,0.6842908263206482,0.5330198407173157,-0.4976303279399872,-0.387124627828598,0.8438578844070435,0.37153515219688416,0.6179648637771606,-0.06159314140677452,0.783789336681366},dt=0.024452307989122346},{cf={95.3795166015625,6.6112542152404785,-56.65897750854492,0.334328293800354,0.9353078603744507,-0.11586105823516846,-0.7415565252304077,0.3369366228580475,0.580144464969635,0.581651508808136,-0.1080411747097969,0.8062311410903931},dt=0.0214018459955696},{cf={94.55964660644531,7.360440254211426,-56.56208419799805,0.1062341034412384,0.8644453287124634,-0.491374135017395,-0.7012265920639038,0.41549378633499146,0.5793497562408447,0.7049791216850281,0.2830179035663605,0.6503117084503174},dt=0.014053308026632294},{cf={93.40569305419922,8.40330696105957,-56.45048141479492,0.48312970995903015,0.5088140368461609,-0.7125264406204224,-0.41500207781791687,0.8496599197387695,0.3253479599952698,0.7709468007087708,0.1385146975517273,0.6216548085212708},dt=0.015345460997195914},{cf={92.29006958007812,9.310876846313477,-56.32143783569336,0.7862599492073059,0.15114015340805054,-0.5991259813308716,-0.10438752919435501,0.9881768822669983,0.11229270696640015,0.6090143918991089,-0.02574998326599598,0.792741060256958},dt=0.016341538983397186},{cf={91.27880096435547,10.128799438476562,-56.18346405029297,0.8257368803024292,0.007673651911318302,-0.5640033483505249,0.002444618847221136,0.9998493790626526,0.017182713374495506,0.5640502572059631,-0.01556717325001955,0.8255937099456787},dt=0.017391154018696398},{cf={90.3404541015625,10.888991355895996,-56.052127838134766,0.8233216404914856,-0.013688432984054089,-0.5674099922180176,0.013271009549498558,0.9999001026153564,-0.004865540657192469,0.5674199461936951,-0.0035241988953202963,0.823421061038971},dt=0.015909537993138656},{cf={89.44918060302734,11.59468936920166,-55.928497314453125,0.8204443454742432,-0.007330174092203379,-0.571679413318634,0.005957167595624924,0.9999731183052063,-0.004272417165338993,0.5716953277587891,0.00009969070379156619,0.8204659819602966},dt=0.015703691984526813},{cf={88.59701538085938,12.245874404907227,-55.81120300292969,0.8240288496017456,-0.001869287807494402,-0.566544771194458,0.0012651412980630994,0.999998152256012,-0.0014593222877010703,0.5665464401245117,0.0004857644089497626,0.8240296244621277},dt=0.021653461997630075},{cf={87.58580017089844,12.983205795288086,-55.672393798828125,0.8240200281143188,0.00010566841956460848,-0.566560685634613,-0.00017462065443396568,1,-0.00006746407598257065,0.5665606260299683,0.0001545249397167936,0.8240200281143188},dt=0.015994462009985},{cf={87.0082778930664,13.384729385375977,-55.593135833740234,0.8240178823471069,0.00020088269957341254,-0.5665637850761414,-0.00019019223691429943,1,0.0000779451584094204,0.5665637850761414,0.000043527827074285597,0.8240178823471069},dt=0.011718538007698953},{cf={87.4533920288086,13.54958438873291,-55.55644226074219,0.8218535780906677,0.0036847360897809267,-0.5696868896484375,-0.00241977721452713,0.9999926686286926,0.0029770852997899055,0.5696936845779419,-0.001068212790414691,0.8218564391136169},dt=0.01943353799288161},{cf={87.77882385253906,13.659942626953125,-55.523250579833984,0.8238000869750977,0.0011595315299928188,-0.5668792724609375,-0.0007234811782836914,0.9999992251396179,0.0009940860327333212,0.5668799877166748,-0.00040880171582102776,0.8238003253936768},dt=0.015445847006049007},{cf={88.06514739990234,13.715799331665039,-55.49414825439453,0.8239943385124207,0.00012008104386040941,-0.5665979981422424,-0.00006067870344850235,1,0.00012368934403639287,0.5665980577468872,-0.00006753888010280207,0.8239943385124207},dt=0.018762077001156285},{cf={88.42091369628906,13.697396278381348,-55.45812225341797,0.8294704556465149,-0.00007171407924033701,-0.5585505366325378,0.00004904029265162535,1,-0.000055566324590472504,0.5585505366325378,0.000018699143765843473,0.8294704556465149},dt=0.02142400000593625},{cf={88.51976776123047,13.66401195526123,-55.4481201171875,0.8294735550880432,-0.00005045360012445599,-0.5585459470748901,0.00003348419340909459,1,-0.00004060426363139413,0.5585460066795349,0.000014977702448959462,0.8294735550880432},dt=0.011081306991400197},{cf={88.68782806396484,13.556367874145508,-55.43111801147461,0.827663779258728,-0.00001476845773140667,-0.5612242817878723,0.000009282533028454054,1,-0.00001262532896362245,0.5612242817878723,0.000005239945039647864,0.827663779258728},dt=0.013974461995530874},{cf={88.81636810302734,13.394225120544434,-55.41810989379883,0.8276641964912415,-0.0000011119967666672892,-0.5612236261367798,4.975282763552968e-07,1,-0.0000012476494930524495,0.5612236261367798,7.534102337558579e-07,0.8276641964912415},dt=0.01716361500439234},{cf={88.90538024902344,13.177581787109375,-55.40909957885742,0.8276628851890564,0.0000011841422065117513,-0.5612255930900574,-8.390686616621679e-07,1,8.725123734620865e-07,0.5612255930900574,-2.51239299586814e-07,0.8276628851890564},dt=0.017224923009052873},{cf={88.95487213134766,12.906438827514648,-55.404090881347656,0.8276628255844116,6.929759024387749e-07,-0.5612256526947021,-4.530586181772378e-07,1,5.666100832968368e-07,0.5612256526947021,-2.146939834801742e-07,0.8276628255844116},dt=0.015806768991751596},{cf={88.96672058105469,12.580795288085938,-55.40289306640625,0.8276626467704773,1.8504303511690523e-07,-0.561225950717926,-1.0147702056428898e-07,1,1.8005991364589136e-07,0.561225950717926,-9.207732887261955e-08,0.8276626467704773},dt=0.01639515400165692},{cf={88.96703338623047,12.200652122497559,-55.402862548828125,0.8276628851890564,-1.6051364681857194e-08,-0.5612255930900574,1.9896788217010908e-08,1,7.420706271688005e-10,0.5612255930900574,-1.178077102537145e-08,0.8276628851890564},dt=0.01826207700651139},{cf={88.967041015625,11.766008377075195,-55.402862548828125,0.8276641964912415,-8.829338327132064e-08,-0.5612236261367798,5.814911929746813e-08,1,-7.156761228088726e-08,0.5612236261367798,2.659929165815811e-08,0.8276641964912415},dt=0.015740000002551824},{cf={88.967041015625,11.276865005493164,-55.402862548828125,0.8276634216308594,-1.2659936032832775e-07,-0.5612248182296753,7.612300834125563e-08,1,-1.133149041265824e-07,0.5612248182296753,5.106447886760179e-08,0.8276634216308594},dt=0.01620523098972626},{cf={88.967041015625,10.733222007751465,-55.402862548828125,0.8276625275611877,-1.1380127773463755e-07,-0.5612261295318604,6.487871218041619e-08,1,-1.070933706159849e-07,0.5612261295318604,5.2225537672256905e-08,0.8276625275611877},dt=0.016409923002356663},{cf={88.967041015625,10.135078430175781,-55.402862548828125,0.827663779258728,-1.0101393144168469e-07,-0.5612242817878723,5.364401189922319e-08,1,-1.008771803867603e-07,0.5612242817878723,5.338606712257388e-08,0.827663779258728},dt=0.016666462004650384},{cf={88.967041015625,9.48243522644043,-55.402862548828125,0.8276626467704773,-8.823771935340119e-08,-0.561225950717926,4.2418918155817664e-08,1,-9.46662694900624e-08,0.561225950717926,5.454513996028254e-08,0.8276626467704773},dt=0.016921153001021594},{cf={88.967041015625,8.775291442871094,-55.402862548828125,0.8276629447937012,-7.547229330384653e-08,-0.5612254738807678,3.1203406081203866e-08,1,-8.846068055845535e-08,0.5612254738807678,5.570348093897337e-08,0.8276629447937012},dt=0.01785907699377276},{cf={88.967041015625,8.01364803314209,-55.402862548828125,0.8276630640029907,-6.27177882961405e-08,-0.5612252950668335,1.999748100445231e-08,1,-8.226039227565707e-08,0.5612252950668335,5.686079518341103e-08,0.8276630640029907},dt=0.016525538987480104},{cf={88.967041015625,7.19750452041626,-55.402862548828125,0.8276630640029907,-4.997420077756942e-08,-0.5612252950668335,8.801134043778802e-09,1,-7.60653975362402e-08,0.5612252950668335,5.8017104009877585e-08,0.8276630640029907},dt=0.01627515401924029},{cf={88.967041015625,6.3268609046936035,-55.402862548828125,0.8276634216308594,-3.72414632465734e-08,-0.5612247586250305,-2.3856476794037462e-09,1,-6.98757034456321e-08,0.5612247586250305,5.9172450050937186e-08,0.8276634216308594},dt=0.016009845974622294},{cf={88.967041015625,5.401717185974121,-55.402862548828125,0.8276625275611877,-2.4519739127981666e-08,-0.5612260699272156,-1.3562860168292445e-08,1,-6.36912886875507e-08,0.5612260699272156,6.032671961975211e-08,0.8276625275611877},dt=0.016665230999933556},{cf={88.967041015625,4.4220733642578125,-55.402862548828125,0.8276633620262146,-1.1808711342098377e-08,-0.5612248778343201,-2.473052340690174e-08,1,-5.7512167472850706e-08,0.5612248778343201,6.148010101014734e-08,0.8276633620262146},dt=0.017740307026542723},{cf={88.967041015625,3.7160210609436035,-55.402862548828125,0.8276628255844116,8.913105808971977e-10,-0.5612256526947021,-3.5888639615677675e-08,1,-5.1338318485250056e-08,0.5612256526947021,6.263244500814835e-08,0.8276628255844116},dt=0.01570207698387094},{cf={88.967041015625,3.7465333938598633,-55.402862548828125,0.8276629447937012,1.3580554458769711e-08,-0.5612254738807678,-4.703722567001023e-08,1,-4.5169748830176104e-08,0.5612254738807678,6.378381556260138e-08,0.8276629447937012},dt=0.016427461989223957},{cf={88.967041015625,3.846357822418213,-55.402862548828125,0.8329942226409912,2.6868526958878647e-08,-0.5532816648483276,-5.8234736144413546e-08,1,-3.911329571337774e-08,0.5532816648483276,6.480136249820134e-08,0.8329942226409912},dt=0.017115692025981843},{cf={88.967041015625,3.9138689041137695,-55.402862548828125,0.8329939246177673,3.953604021944557e-08,-0.5532820820808411,-6.942266850273882e-08,1,-3.3062018900409385e-08,0.5532820820808411,6.595077906013103e-08,0.8329939246177673},dt=0.016188922978471965},{cf={88.967041015625,3.952709436416626,-55.402862548828125,0.8329934477806091,5.219269993972375e-08,-0.5532827973365784,-8.060103340312708e-08,1,-2.7015907733130007e-08,0.5532827973365784,6.709924349479479e-08,0.8329934477806091},dt=0.01653838501079008},{cf={88.967041015625,3.9741876125335693,-55.402862548828125,0.8329939246177673,6.483864467554667e-08,-0.5532820820808411,-9.176984150371936e-08,1,-2.097497286968064e-08,0.5532820820808411,6.824663500992756e-08,0.8329939246177673},dt=0.01664184598485008},{cf={88.967041015625,3.9859349727630615,-55.402862548828125,0.8329944014549255,7.747377139821765e-08,-0.5532814264297485,-1.0292909990994303e-07,1,-1.4939219639131807e-08,0.5532814264297485,6.939304597608498e-08,0.8329944014549255},dt=0.0167080000101123},{cf={88.967041015625,3.992339611053467,-55.402862548828125,0.8329942226409912,9.00980268170315e-08,-0.5532816648483276,-1.140788228326528e-07,1,-8.908615178881973e-09,0.5532816648483276,7.053854744754062e-08,0.8329942226409912},dt=0.01897538499906659},{cf={88.967041015625,3.99582839012146,-55.402862548828125,0.8329941630363464,1.0271150330254386e-07,-0.5532817244529724,-1.2521901737727603e-07,1,-2.8831721454736225e-09,0.5532817244529724,7.168306126459356e-08,0.8329941630363464},dt=0.015381000004708767},{cf={88.967041015625,3.9977285861968994,-55.402862548828125,0.8329936861991882,1.0037040709676148e-07,-0.5532824397087097,-1.189581553262542e-07,1,2.311682845146379e-09,0.5532824397087097,6.389183937471898e-08,0.8329936861991882},dt=0.016148922994034365},{cf={88.967041015625,3.998763084411621,-55.402862548828125,0.8329944610595703,5.3219405771187667e-08,-0.553281307220459,-6.055037005125996e-08,1,5.026886906733807e-09,0.553281307220459,2.9314017879755738e-08,0.8329944610595703},dt=0.016053152998210862},{cf={88.967041015625,3.999326467514038,-55.402862548828125,0.8329941630363464,6.108614947208935e-09,-0.5532817244529724,-2.1925228299579658e-09,1,7.73973862777666e-09,0.5532817244529724,-5.234074507143305e-09,0.8329941630363464},dt=0.017193616018630564},{cf={88.967041015625,3.9996330738067627,-55.402862548828125,0.8329938650131226,-4.0961872116440645e-08,-0.5532822608947754,5.6115425195457647e-08,1,1.0450241560988616e-08,0.5532822608947754,-3.975265627786939e-08,0.8329938650131226},dt=0.01631161497789435}}