return {{cf={99.693603515625,3.9999992847442627,-57.09724807739258,0.23650620877742767,-1.0817140605468012e-07,0.9716299772262573,-1.202346666673293e-08,1,1.1425648693830226e-07,-0.9716299772262573,-3.8704730087602e-08,0.23650620877742767},dt=0.015687922976212576},{cf={99.693603515625,3.9999992847442627,-57.09724807739258,0.23232266306877136,-6.174085598331658e-08,0.9726387858390808,-6.662537632706744e-09,1,6.506908789560839e-08,-0.9726387858390808,-2.1597266197659337e-08,0.23232266306877136},dt=0.01579207699978724},{cf={99.693603515625,3.9999992847442627,-57.09724807739258,0.23232266306877136,-2.6819899190400065e-08,0.9726387858390808,-2.6448463419370682e-09,1,2.820611122444916e-08,-0.9726387858390808,-9.125399103027121e-09,0.23232266306877136},dt=0.01491992300725542},{cf={99.693603515625,3.9999992847442627,-57.09724807739258,0.23232266306877136,1.970657059757741e-08,0.9726387858390808,2.7080717668326315e-09,1,-2.0907780395873488e-08,-0.9726387858390808,7.491326670105991e-09,0.23232266306877136},dt=0.016552615008549765},{cf={99.693603515625,4.875675678253174,-57.09724807739258,0.23324643075466156,6.618616765763363e-08,0.9724176526069641,8.00980082260594e-09,1,-6.998476465014392e-08,-0.9724176526069641,2.411256794232486e-08,0.23324643075466156},dt=0.017998538998654112},{cf={99.7815933227539,4.363926887512207,-57.0167121887207,0.24100053310394287,-0.008756703697144985,0.9704854488372803,-0.0046912143006920815,0.999937117099762,0.010187414474785328,-0.970513641834259,-0.007007927633821964,0.2409442961215973},dt=0.023294076992897317},{cf={99.78822326660156,4.069840431213379,-57.010746002197266,0.23351117968559265,-0.0009839574340730906,0.9723536372184753,-0.0004945283872075379,0.9999992251396179,0.001130694174207747,-0.972353994846344,-0.0007448861724697053,0.23351052403450012},dt=0.01270030700834468},{cf={99.78767395019531,3.8773393630981445,-57.01114273071289,0.23329120874404907,0.0039612902328372,0.9723988771438599,0.0021204722579568624,0.9999872446060181,-0.0045824069529771805,-0.9724045991897583,0.0031309800688177347,0.23327983915805817},dt=0.015113539004232734},{cf={99.78707122802734,3.8970611095428467,-57.011619567871094,0.23325574398040771,0.0019203315023332834,0.9724135398864746,0.0010151824681088328,0.9999970197677612,-0.0022183184046298265,-0.9724149107933044,0.0015046126209199429,0.2332531064748764},dt=0.015052614995511249},{cf={99.78726196289062,3.9375782012939453,-57.011474609375,0.23324722051620483,-0.000142067379783839,0.9724174737930298,-0.00008202233584597707,1,0.00016577125643379986,-0.9724174737930298,-0.00011842563981190324,0.23324720561504364},dt=0.017024308006512},{cf={99.78755950927734,4.82347297668457,-57.011253356933594,0.23324573040008545,-0.0011615219991654158,0.9724171161651611,-0.0006183151854202151,0.999998927116394,0.0013427778612822294,-0.9724176526069641,-0.0009144574869424105,0.23324476182460785},dt=0.019024691981030628},{cf={100.02177429199219,4.852090835571289,-56.87751770019531,0.25289449095726013,-0.14728930592536926,0.9562166333198547,-0.002388404682278633,0.9882457852363586,0.1528545469045639,-0.9674909114837646,-0.04093990474939346,0.24957014620304108},dt=0.017710076994262636},{cf={100.6744613647461,5.087944030761719,-56.67502975463867,0.25259116291999817,-0.38949358463287354,0.8857157826423645,-0.009011918678879738,0.9144126176834106,0.40468305349349976,-0.967531144618988,-0.11020136624574661,0.22746245563030243},dt=0.015007462003268301},{cf={101.4205551147461,5.624107360839844,-56.46125411987305,0.25348132848739624,-0.634549617767334,0.7301328182220459,-0.022595485672354698,0.7506939768791199,0.6602635979652405,-0.9670763611793518,-0.18386219441890717,0.17594896256923676},dt=0.015399307012557983},{cf={102.44291687011719,6.505936145782471,-56.16579818725586,0.2728004455566406,-0.8800832629203796,0.38863012194633484,-0.03649457171559334,0.39419466257095337,0.918302059173584,-0.9613782167434692,-0.2646960914134979,0.07541821151971817},dt=0.01614130800589919},{cf={103.8228530883789,7.779964447021484,-55.76024627685547,0.30548766255378723,-0.6781933903694153,0.6683793663978577,-0.026085225865244865,0.6957105994224548,0.7178484201431274,-0.9518386721611023,-0.23672865331172943,0.1948401778936386},dt=0.017667615989921615},{cf={104.9580307006836,8.744363784790039,-55.42720031738281,0.24889321625232697,-0.270283967256546,0.9300531148910522,-0.005353075452148914,0.959873378276825,0.2803826332092285,-0.9685161113739014,-0.07476397603750229,0.23745912313461304},dt=0.017061229998944327},{cf={105.75061798095703,9.387106895446777,-55.196815490722656,0.2329375445842743,-0.07901734113693237,0.9692761898040771,0.0012693655444309115,0.9967173933982849,0.08094935119152069,-0.9724908471107483,-0.017625777050852776,0.23227320611476898},dt=0.015176923014223576},{cf={106.7264633178711,10.183670043945312,-54.9133186340332,0.22652190923690796,0.006036367733031511,0.973987340927124,0.0021101394668221474,0.9999753832817078,-0.006688189692795277,-0.974003791809082,0.0035702704917639494,0.22650359570980072},dt=0.017338153993478045},{cf={107.86425018310547,11.101593017578125,-54.58192825317383,0.22692103683948517,0.010301582515239716,0.973858654499054,0.0006035025580786169,0.9999423623085022,-0.010718122124671936,-0.9739129543304443,0.003019893541932106,0.22690173983573914},dt=0.018072076985845342},{cf={108.72876739501953,11.774640083312988,-54.329795837402344,0.2269558161497116,0.0035646900068968534,0.9738985300064087,0.00007655185618204996,0.9999932050704956,-0.0036780419759452343,-0.9739050269126892,0.0009093067492358387,0.22695399820804596},dt=0.015503923001233488},{cf={109.35279846191406,12.243650436401367,-54.14775466918945,0.22695636749267578,0.0009424278396181762,0.9739044904708862,-0.000025357347112731077,0.9999995231628418,-0.0009617703035473824,-0.9739049077033997,0.00019358425925020128,0.2269562929868698},dt=0.016215077019296587},{cf={110.3460922241211,12.957206726074219,-53.85799789428711,0.22695547342300415,-0.00018307118443772197,0.9739051461219788,-0.000024735241822781973,1,0.0001937406195793301,-0.9739051461219788,-0.00006806027522543445,0.22695545852184296},dt=0.01807330799056217},{cf={111.09809875488281,13.4667387008667,-53.638641357421875,0.21760642528533936,-0.00014276037109084427,0.9760366082191467,-0.000008230692401411943,1,0.00014810041466262192,-0.9760366082191467,-0.0000402610567107331,0.21760642528533936},dt=0.016479384008562192},{cf={111.81197357177734,13.921772003173828,-53.4304084777832,0.21131810545921326,-0.000046079228923190385,0.9774173498153687,-8.416693049184687e-07,1,0.00004732583329314366,-0.9774173498153687,-0.000010823467164300382,0.21131810545921326},dt=0.015533769998000935},{cf={112.48770904541016,14.322304725646973,-53.233299255371094,0.2113170623779297,-0.000005152318408363499,0.9774175882339478,5.555027655645972e-07,1,0.000005151258847035933,-0.9774175882339478,-5.455907512441627e-07,0.2113170623779297},dt=0.019244691997300833},{cf={113.12529754638672,14.66833782196045,-53.04731750488281,0.2143467664718628,0.000002903505674112239,0.9767576456069946,3.413291835840937e-07,1,-0.0000030474996037810342,-0.9767576456069946,9.866175787465181e-07,0.2143467664718628},dt=0.019432000000961125},{cf={113.7247543334961,14.959870338439941,-52.872459411621094,0.21434734761714935,0.000001962083615580923,0.9767575263977051,9.642407405863196e-08,1,-0.0000020299326024542097,-0.9767575263977051,5.292935725265124e-07,0.21434734761714935},dt=0.011392230982892215},{cf={114.28607940673828,15.196903228759766,-52.70872497558594,0.21434560418128967,5.798278834845405e-07,0.9767578840255737,-1.0883793422067356e-08,1,-5.912365850235801e-07,-0.9767578840255737,1.1609812844426415e-07,0.21434560418128967},dt=0.01673269202001393},{cf={114.80926513671875,15.379435539245605,-52.556114196777344,0.21434712409973145,4.604892822612783e-08,0.9767575263977051,-1.6270719882527374e-08,1,-4.3574118535616435e-08,-0.9767575263977051,-6.552560716244216e-09,0.21434712409973145},dt=0.01953838497865945},{cf={115.52255249023438,15.551047325134277,-52.348052978515625,0.21434620022773743,-9.93398074911056e-08,0.9767577648162842,-1.7215247005708534e-09,1,1.0208140821532652e-07,-0.9767577648162842,-2.3562275686117573e-08,0.21434620022773743},dt=0.023611384007381275},{cf={115.8470230102539,15.590868949890137,-52.25341033935547,0.2143470197916031,-1.2542682270577643e-07,0.9767575860023499,4.426838451365711e-09,1,1.2743994659558666e-07,-0.9767575860023499,-2.299242574110849e-08,0.2143470197916031},dt=0.010999076999723911},{cf={116.0514144897461,15.600384712219238,-52.193790435791016,0.21434864401817322,-1.4280884386153048e-07,0.9767572283744812,8.52358628122829e-09,1,1.443366102193977e-07,-0.9767572283744812,-2.2612882233374876e-08,0.21434864401817322},dt=0.011704308009939268},{cf={116.52069091796875,15.564566612243652,-52.05690383911133,0.21434548497200012,-1.3367038320666325e-07,0.9767578840255737,1.2913772273748236e-08,1,1.3401721332684247e-07,-0.9767578840255737,-1.6112355893938002e-08,0.21434548497200012},dt=0.01960369199514389},{cf={116.85321807861328,15.47459888458252,-51.95990753173828,0.21434664726257324,-9.834589320689702e-08,0.9767576456069946,1.3307089652414561e-08,1,9.776587006626869e-08,-0.9767576456069946,-7.957984493600634e-09,0.21434664726257324},dt=0.01714961600373499},{cf={117.1476058959961,15.330131530761719,-51.8740348815918,0.21434548497200012,-6.305162258968267e-08,0.9767578840255737,1.3700113932202385e-08,1,6.154551357440141e-08,-0.9767578840255737,1.8969206760921509e-10,0.21434548497200012},dt=0.013832922995788977},{cf={117.40386199951172,15.13116455078125,-51.799285888671875,0.2143476903438568,-2.778751451160133e-08,0.9767574071884155,1.4092721656311369e-08,1,2.535611365317436e-08,-0.9767574071884155,8.330146350488121e-09,0.2143476903438568},dt=0.02009507699403912},{cf={117.49352264404297,15.19344711303711,-51.77313232421875,0.21434617042541504,7.4464745480895544e-09,0.9767577648162842,1.4485054045110246e-08,1,-1.080236167183557e-08,-0.9767577648162842,1.6463832963609093e-08,0.21434617042541504},dt=0.01965938400826417},{cf={117.49623107910156,15.316364288330078,-51.7723388671875,0.2143465131521225,4.265034192485473e-08,0.9767577052116394,1.487704093250386e-08,1,-4.692994437505149e-08,-0.9767577052116394,2.4590534053459123e-08,0.2143465131521225},dt=0.010945462010568008},{cf={117.49628448486328,15.39736557006836,-51.77232360839844,0.2143462747335434,7.782415423207567e-08,0.9767577648162842,1.5268705411131123e-08,1,-8.302666998361019e-08,-0.9767577648162842,3.271028248263974e-08,0.2143462747335434},dt=0.019771383987972513},{cf={117.49628448486328,15.443696022033691,-51.77232360839844,0.2143484652042389,1.129678537381551e-07,0.9767572283744812,1.5659955110436385e-08,1,-1.1909258290643265e-07,-0.9767572283744812,4.0823287861257995e-08,0.2143484652042389},dt=0.01661723101278767},{cf={117.49628448486328,15.469274520874023,-51.77232360839844,0.214348703622818,7.855040706772343e-08,0.9767572283744812,8.277911689447137e-09,1,-8.223616276836765e-08,-0.9767572283744812,2.571272439411132e-08,0.214348703622818},dt=0.01504592297715135},{cf={117.49628448486328,15.483259201049805,-51.77232360839844,0.2143464982509613,4.416243726268476e-08,0.9767577052116394,9.020846847285213e-10,1,-4.5411255200633605e-08,-0.9767577052116394,1.0614861878366355e-08,0.2143464982509613},dt=0.015419385017594323},{cf={117.49628448486328,15.490882873535156,-51.77232360839844,0.2143484652042389,9.80377823367462e-09,0.9767572283744812,-6.4673670863157895e-09,1,-8.617809577060598e-09,-0.9767572283744812,-4.469833392306555e-09,0.2143484652042389},dt=0.018972307996591553},{cf={117.49628448486328,15.495035171508789,-51.77232360839844,0.21434707939624786,-2.452550162956868e-08,0.9767575860023499,-1.3830570466666359e-08,1,2.814418209595715e-08,-0.9767575860023499,-1.9541737117378943e-08,0.21434707939624786},dt=0.018612307001603767},{cf={117.49628448486328,15.497296333312988,-51.77232360839844,0.21434777975082397,-5.882542808421931e-08,0.9767574071884155,-2.118745534573918e-08,1,6.487476866823272e-08,-0.9767574071884155,-3.460076669625778e-08,0.21434777975082397},dt=0.01424523099558428},{cf={117.49628448486328,15.498527526855469,-51.77232360839844,0.21434591710567474,-9.309611925800709e-08,0.976757824420929,-2.853813008130146e-08,1,1.0157395280430137e-07,-0.976757824420929,-4.964680400121324e-08,0.21434591710567474},dt=0.015607615001499653},{cf={117.49628448486328,15.499198913574219,-51.77232360839844,0.21434557437896729,-7.958057324231049e-08,0.9767578840255737,-2.2515378006460196e-08,1,8.641512039275767e-08,-0.9767578840255737,-4.051477020539096e-08,0.21434557437896729},dt=0.015089307999005541},{cf={117.49628448486328,15.499563217163086,-51.77232360839844,0.21434719860553741,-5.016433135551779e-08,0.9767575263977051,-1.2044014674472692e-08,1,5.400105251851528e-08,-0.9767575263977051,-2.3339056909321698e-08,0.21434719860553741},dt=0.016810461995191872},{cf={117.49628448486328,15.499762535095215,-51.77232360839844,0.2143457978963852,-2.077334038119716e-08,0.976757824420929,-1.5815621035031313e-09,1,2.1614713574535926e-08,-0.976757824420929,-6.177826250564067e-09,0.2143457978963852},dt=0.016115614998852834},{cf={117.49628448486328,15.499870300292969,-51.77232360839844,0.21434637904167175,8.592563105480622e-09,0.9767577052116394,8.87192896925626e-09,1,-1.0743942624458214e-08,-0.9767577052116394,1.0968649988285506e-08,0.21434637904167175},dt=0.020101230998989195},{cf={117.49628448486328,15.49993896484375,-51.77232360839844,0.2143460363149643,4.5264641812536865e-08,0.9767577648162842,2.1926243931602585e-08,1,-5.1153360658418023e-08,-0.9767577648162842,3.2381151982008305e-08,0.2143460363149643},dt=0.0192662310146261},{cf={117.49628448486328,15.499961853027344,-51.77232360839844,0.21434557437896729,6.724908985233924e-08,0.9767578840255737,2.975215274148013e-08,1,-7.537828849990547e-08,-0.9767578840255737,4.521765006870737e-08,0.21434557437896729},dt=0.011962460994254798},{cf={117.49628448486328,15.499979972839355,-51.77232360839844,0.21434569358825684,9.653976462686842e-08,0.9767578840255737,4.0178885996056124e-08,1,-1.0765404567791848e-07,-0.9767578840255737,6.2320225424628e-08,0.21434569358825684},dt=0.017013461998431012}}
