return {{cf={135.5946044921875,3.9999992847442627,-56.77960968017578,0.4397644102573395,-9.889268426377384e-08,0.8981131911277771,8.15663341313666e-08,1,7.017235503781194e-08,-0.8981131911277771,4.2396496979790754e-08,0.4397644102573395},dt=0.012965537986019626},{cf={135.5946044921875,3.9999992847442627,-56.77960968017578,0.4397644102573395,-9.332374162340784e-08,0.8981131911277771,7.697155979258241e-08,1,6.622148873702827e-08,-0.8981131911277771,4.000732189979317e-08,0.4397644102573395},dt=0.015657539013773203},{cf={135.5946044921875,3.9999992847442627,-56.77960968017578,0.4397644102573395,-5.465037133944861e-08,0.8981131911277771,4.5073132781681124e-08,1,3.8779980116032675e-08,-0.8981131911277771,2.34267201193461e-08,0.4397644102573395},dt=0.0176818459876813},{cf={135.5946044921875,3.9999992847442627,-56.77960968017578,0.4397644102573395,-1.601003063456119e-08,0.8981131911277771,1.3201962190123595e-08,1,1.1361906082640871e-08,-0.8981131911277771,6.860294554655866e-09,0.4397644102573395},dt=0.014296307024778798},{cf={135.5946044921875,4.875675678253174,-56.77960968017578,0.4397644102573395,2.2597298254822817e-08,0.8981131911277771,-1.864197507472909e-08,1,-1.603274668582344e-08,-0.8981131911277771,-9.69197166966751e-09,0.4397644102573395},dt=0.017465846991399303},{cf={135.64657592773438,4.550185203552246,-56.66624450683594,0.44944292306900024,-0.00973508320748806,0.8932560086250305,-0.012331821024417877,0.9997777342796326,0.017100773751735687,-0.8932239413261414,-0.01870129443705082,0.44922298192977905},dt=0.016999383980873972},{cf={135.6555938720703,4.186439037322998,-56.647010803222656,0.44093164801597595,-0.0009290619636885822,0.8975402116775513,-0.0011343868682160974,0.9999980926513672,0.0015924046747386456,-0.8975399732589722,-0.0017202994786202908,0.44092974066734314},dt=0.01650738500757143},{cf={135.65492248535156,3.903153419494629,-56.648223876953125,0.4398609399795532,0.00377345341257751,0.8980579376220703,0.004691500216722488,0.9999678730964661,-0.006499513518065214,-0.8980536460876465,0.007072121370583773,0.43982911109924316},dt=0.016500615020049736},{cf={135.65440368652344,3.9088454246520996,-56.64923095703125,0.4397847056388855,0.0014564977027475834,0.8981020450592041,0.00180571130476892,0.999995231628418,-0.002505968092009425,-0.8981013894081116,0.002723799552768469,0.43977996706962585},dt=0.01685230797738768},{cf={135.65432739257812,4.79473876953125,-56.649410247802734,0.4397602081298828,-0.001209550304338336,0.8981144428253174,-0.0015067136846482754,0.9999967217445374,0.002084521809592843,-0.8981139659881592,-0.002269890857860446,0.43975692987442017},dt=0.016597615001956},{cf={135.73175048828125,4.872957229614258,-56.49009704589844,0.45960164070129395,-0.04883347824215889,0.886781632900238,-0.06854231655597687,0.9935588240623474,0.09023765474557877,-0.885476291179657,-0.1022554412484169,0.4532940983772278},dt=0.017802076996304095},{cf={136.01222229003906,5.097970962524414,-55.91801834106445,0.4744846224784851,-0.17252075672149658,0.8631923198699951,-0.2342059314250946,0.9205189347267151,0.3127179741859436,-0.8485351800918579,-0.35054463148117065,0.396366685628891},dt=0.017078770004445687},{cf={136.48989868164062,5.825132369995117,-54.954227447509766,0.5281437039375305,-0.3156724274158478,0.7882989048957825,-0.4484008550643921,0.6846731901168823,0.5745949149131775,-0.7211108803749084,-0.65694260597229,0.22005805373191833},dt=0.017674461007118225},{cf={136.99266052246094,6.707957744598389,-53.934783935546875,0.6752773523330688,-0.3052022457122803,0.6714552044868469,-0.5857314467430115,0.3313528597354889,0.7396782636642456,-0.4482400715351105,-0.8927804231643677,0.04498850554227829},dt=0.01530615400406532},{cf={137.50331115722656,7.722659111022949,-52.84718322753906,0.8065339922904968,0.005602862220257521,0.5911611914634705,-0.49492526054382324,0.5533157587051392,0.6699930429458618,-0.3233449161052704,-0.8329527378082275,0.449040949344635},dt=0.017705307982396334},{cf={138.02749633789062,8.724136352539062,-51.70707702636719,0.6651535034179688,-0.09249988943338394,0.7409551739692688,-0.23204703629016876,0.9175612926483154,0.3228551745414734,-0.7097358703613281,-0.38668471574783325,0.5888547897338867},dt=0.016092000005301088},{cf={138.6324005126953,9.553915977478027,-50.90990447998047,0.49031928181648254,-0.06144675984978676,0.8693740963935852,-0.13946813344955444,0.9791247248649597,0.14786265790462494,-0.8603113889694214,-0.19374988973140717,0.47151389718055725},dt=0.01603692301432602},{cf={139.25733947753906,9.286544799804688,-50.4837532043457,0.5720162391662598,-0.10241413116455078,0.8138235211372375,-0.0898575708270073,0.9783787727355957,0.18628093600273132,-0.8153054714202881,-0.17968392372131348,0.5504458546638489},dt=0.018210691981948912},{cf={139.94200134277344,9.06600284576416,-50.06520080566406,0.4656437933444977,-0.04764822870492935,0.8836885690689087,-0.03197892755270004,0.9969913959503174,0.07060820609331131,-0.8843942880630493,-0.06113768368959427,0.4627191126346588},dt=0.01603446202352643},{cf={140.50282287597656,8.786603927612305,-49.68315505981445,0.4418255090713501,-0.009485709480941296,0.8970508575439453,-0.004015049431473017,0.9999131560325623,0.012550946325063705,-0.8970920443534851,-0.009147032164037228,0.44174903631210327},dt=0.0165016149985604},{cf={141.02256774902344,8.451916694641113,-49.334014892578125,0.4397803246974945,0.0012272282037883997,0.8981045484542847,0.0018227159744128585,0.999995768070221,-0.0022589995060116053,-0.8981035351753235,0.0026304530911147594,0.4397762417793274},dt=0.01603507698746398},{cf={141.50645446777344,8.062705993652344,-49.01033401489258,0.43976277112960815,0.0016767975175753236,0.898112416267395,0.0013221472036093473,0.9999959468841553,-0.002514408901333809,-0.8981130123138428,0.0022931802086532116,0.4397587776184082},dt=0.01685076899593696},{cf={141.9569091796875,7.618997097015381,-48.70906066894531,0.43976670503616333,0.0006473061512224376,0.8981118202209473,0.0004115490010008216,0.999999463558197,-0.0009222586522810161,-0.8981119394302368,0.0007751956582069397,0.4397662281990051},dt=0.016827000014018267},{cf={142.37449645996094,7.120787143707275,-48.42964553833008,0.4397646486759186,0.00011079546675318852,0.8981130123138428,0.000040834565879777074,1,-0.00014335953164845705,-0.8981130719184875,0.0000997185125015676,0.4397646486759186},dt=0.015950461995089427},{cf={142.7592010498047,6.568077087402344,-48.172176361083984,0.43976521492004395,-0.000022693957362207584,0.8981127738952637,-0.00002836366547853686,1,0.0000391568974009715,-0.8981127738952637,-0.00004269361306796782,0.43976521492004395},dt=0.017002768989186734},{cf={143.1109161376953,5.960866928100586,-47.93675994873047,0.4397653341293335,-0.000023491315005230717,0.8981127142906189,-0.00001807102125894744,1,0.00003500487582641654,-0.8981127142906189,-0.00003162374559906311,0.4397653341293335},dt=0.01668553799390793},{cf={143.4296112060547,5.299156665802002,-47.72343826293945,0.4397655427455902,-0.000008432645699940622,0.8981125950813293,-0.000005225990662438562,1,0.000011948231076530647,-0.8981125950813293,-0.000009947948456101585,0.4397655427455902},dt=0.016087770025478676},{cf={143.71530151367188,4.582946300506592,-47.53221130371094,0.4397650361061096,-0.000001252892502634495,0.8981128931045532,-3.7032330624242604e-07,1,0.000001576358386046195,-0.8981128931045532,-0.000001025819415190199,0.4397650361061096},dt=0.01807476897374727},{cf={143.84951782226562,3.8122360706329346,-47.4423828125,0.4397663176059723,0.0000014943025234970264,0.8981122374534607,9.64139530879038e-07,1,-0.0000021359230686357478,-0.8981122374534607,0.0000018052126051770756,0.4397663176059723},dt=0.015858154016314074},{cf={143.8569793701172,3.688312292098999,-47.4373893737793,0.4397650361061096,6.890414283589053e-07,0.8981128931045532,2.726955870002712e-07,1,-9.007368930724624e-07,-0.8981128931045532,6.410239734577772e-07,0.4397650361061096},dt=0.015690383996115997},{cf={143.85711669921875,3.797168254852295,-47.43729019165039,0.43976566195487976,-8.300987985876418e-08,0.8981125354766846,-1.1099806584979888e-07,1,1.467778361075034e-07,-0.8981125354766846,-1.6423661008957424e-07,0.43976566195487976},dt=0.01737730798777193},{cf={143.85711669921875,4.672844409942627,-47.43727493286133,0.43976470828056335,-4.365736572253809e-07,0.8981130123138428,-2.210950356129615e-07,1,5.943610972281022e-07,-0.8981130123138428,-4.5994738684385084e-07,0.43976470828056335},dt=0.018113154015736654},{cf={143.85711669921875,5.497426986694336,-47.43727493286133,0.4397661089897156,-3.1001761158222507e-07,0.8981123566627502,-1.387595887081261e-07,1,4.131324828904326e-07,-0.8981123566627502,-3.0630334890702215e-07,0.4397661089897156},dt=0.015226538002025336},{cf={143.85711669921875,6.267509460449219,-47.43727493286133,0.43976566195487976,-9.205425044456206e-08,0.8981125354766846,-2.1967624164176414e-08,1,1.1325401771955512e-07,-0.8981125354766846,-6.953462872161253e-08,0.43976566195487976},dt=0.016695692989742383},{cf={143.85711669921875,6.983091831207275,-47.43727493286133,0.4397657811641693,1.9028325581871286e-08,0.8981124758720398,2.4449459345987634e-08,1,-3.315883390087038e-08,-0.8981124758720398,3.6540484416036634e-08,0.4397657811641693},dt=0.01654822999262251},{cf={143.85711669921875,7.644174098968506,-47.43727493286133,0.4397653639316559,8.255146610736119e-08,0.8981127142906189,4.4001041032970534e-08,1,-1.1346192252403853e-07,-0.8981127142906189,8.941452023236707e-08,0.4397653639316559},dt=0.017792308004572988},{cf={143.85711669921875,8.250757217407227,-47.43727493286133,0.43976449966430664,9.091483121892452e-08,0.8981131315231323,4.01214421685836e-08,1,-1.208743185543426e-07,-0.8981131315231323,8.918983240846501e-08,0.43976449966430664},dt=0.015199692017631605},{cf={143.85711669921875,8.802839279174805,-47.43727493286133,0.43976524472236633,9.927089195116423e-08,0.8981127738952637,3.6245154433345306e-08,1,-1.2828039075429842e-07,-0.8981127738952637,8.896549275050347e-08,0.43976524472236633},dt=0.017828307987656444},{cf={143.85711669921875,9.300421714782715,-47.43727493286133,0.4397655725479126,1.076198543614737e-07,0.8981125950813293,3.2372177827255655e-08,1,-1.3568012491305126e-07,-0.8981125950813293,8.87413094119438e-08,0.4397655725479126},dt=0.016830153996124864},{cf={143.85711669921875,9.74350357055664,-47.43727493286133,0.4397653639316559,1.15961739766135e-07,0.8981127142906189,2.8502514126671485e-08,1,-1.4307353524145583e-07,-0.8981127142906189,8.851725397107657e-08,0.4397653639316559},dt=0.015766230993904173},{cf={143.85711669921875,10.132085800170898,-47.43727493286133,0.43976590037345886,1.242964344783104e-07,0.898112416267395,2.463615267345176e-08,1,-1.5046063595036685e-07,-0.898112416267395,8.829349695815836e-08,0.43976590037345886},dt=0.016494077019160613},{cf={143.85711669921875,10.466168403625488,-47.43727493286133,0.43976452946662903,1.3262418008253007e-07,0.8981131315231323,2.0773107678451197e-08,1,-1.5784142703978432e-07,-0.8981131315231323,8.806965468011185e-08,0.43976452946662903},dt=0.01668130699545145},{cf={143.85711669921875,10.745750427246094,-47.43727493286133,0.43976515531539917,1.4094462130742613e-07,0.8981127738952637,1.691335427267404e-08,1,-1.6521590850970824e-07,-0.8981127738952637,8.784630267655302e-08,0.43976515531539917},dt=0.01991630799602717},{cf={143.85711669921875,10.970832824707031,-47.43727493286133,0.4397652745246887,1.4925799973752873e-07,0.8981127142906189,1.305690666697501e-08,1,-1.7258409457099333e-07,-0.8981127142906189,8.762306435983191e-08,0.4397652745246887},dt=0.016227000014623627},{cf={143.85711669921875,11.1414155960083,-47.43727493286133,0.4397631287574768,1.5756448590309446e-07,0.8981137871742249,9.203775519495139e-09,1,-1.7994597101278487e-07,-0.8981137871742249,8.739964130199951e-08,0.4397631287574768},dt=0.015323460975196213},{cf={143.85711669921875,11.257497787475586,-47.43727493286133,0.4397662580013275,1.6586335505053285e-07,0.8981122970581055,5.353908871796875e-09,1,-1.8730155204593757e-07,-0.8981122970581055,8.717731247998017e-08,0.4397662580013275},dt=0.018998077022843063},{cf={143.85711669921875,11.319080352783203,-47.43727493286133,0.4397645592689514,1.583541546779088e-07,0.8981131315231323,1.6936908542319884e-09,1,-1.771480384604729e-07,-0.8981131315231323,7.942455226839229e-08,0.4397645592689514},dt=0.01544153899885714},{cf={143.85711669921875,11.326162338256836,-47.43727493286133,0.43976613879203796,1.0346696655005871e-07,0.8981122970581055,-1.4044910789934306e-09,1,-1.1451721348976207e-07,-0.8981122970581055,4.909940187758366e-08,0.43976613879203796},dt=0.01485969198984094},{cf={143.85711669921875,11.2787446975708,-47.43727493286133,0.43976593017578125,4.862683056217065e-08,0.898112416267395,-4.50002746177347e-09,1,-5.1939903045195024e-08,-0.898112416267395,1.879987010511286e-08,0.43976593017578125},dt=0.01739876900683157},{cf={143.85711669921875,11.176826477050781,-47.43727493286133,0.4397665858268738,-6.166487764858175e-09,0.8981121182441711,-7.592858786154011e-09,1,1.0583949716647112e-08,-0.8981121182441711,-1.1473705541220625e-08,0.4397665858268738},dt=0.017776692984625697},{cf={143.85711669921875,11.020408630371094,-47.43727493286133,0.4397648870944977,-6.091300974730984e-08,0.898112952709198,-1.0683172568803911e-08,1,7.305438742832848e-08,-0.898112952709198,-4.172144940639555e-08,0.4397648870944977},dt=0.01541138399625197},{cf={143.85711669921875,10.809491157531738,-47.43727493286133,0.439764142036438,-1.156127780177485e-07,0.8981133103370667,-1.3770901752252485e-08,1,1.3547146693326795e-07,-0.8981133103370667,-7.194332596327513e-08,0.439764142036438},dt=0.016628308017970994},{cf={143.85711669921875,10.544073104858398,-47.43727493286133,0.4397655129432678,-1.0735828226415833e-07,0.8981125950813293,-1.0790175863917284e-08,1,1.248211276561051e-07,-0.8981125950813293,-6.458282086896361e-08,0.4397655129432678},dt=0.016741153987823054},{cf={143.85711669921875,10.22415542602539,-47.43727493286133,0.4397635757923126,-9.911109799531914e-08,0.8981135487556458,-7.811975066829291e-09,1,1.1417989753681468e-07,-0.8981135487556458,-5.722820262121786e-08,0.4397635757923126},dt=0.017322154017165303},{cf={143.85711669921875,9.849738121032715,-47.43727493286133,0.4397638142108917,-9.087080599101682e-08,0.898113489151001,-4.836324674073467e-09,1,1.0354776946996935e-07,-0.898113489151001,-4.9880128472068463e-08,0.4397638142108917},dt=0.01812069199513644},{cf={143.85711669921875,9.420820236206055,-47.43727493286133,0.43976476788520813,-8.263749862180703e-08,0.8981130123138428,-1.8632266840512557e-09,1,9.292470082300497e-08,-0.8981130123138428,-4.2538395916835725e-08,0.43976476788520813},dt=0.015290153998648748},{cf={143.85711669921875,8.937402725219727,-47.43727493286133,0.4397662580013275,-7.441120430939918e-08,0.8981122970581055,1.1073140182560337e-09,1,8.231069870134888e-08,-0.8981122970581055,-3.5202972981096536e-08,0.4397662580013275},dt=0.015222460991935804},{cf={143.85711669921875,8.39948558807373,-47.43727493286133,0.4397652745246887,-6.619205095148573e-08,0.8981127142906189,4.075326742736252e-09,1,7.17057631050011e-08,-0.8981127142906189,-2.7873603869466024e-08,0.4397652745246887},dt=0.015862692991504446},{cf={143.85711669921875,7.80706787109375,-47.43727493286133,0.43976399302482605,-5.797992486122894e-08,0.8981133699417114,7.040820815262805e-09,1,6.110990824481632e-08,-0.8981133699417114,-2.0550482204839682e-08,0.43976399302482605},dt=0.017170230014016852},{cf={143.85711669921875,7.160150527954102,-47.43727493286133,0.43976613879203796,-4.977473366807317e-08,0.8981122970581055,1.0003754269405363e-08,1,5.052310214637146e-08,-0.8981122970581055,-1.3233854900818187e-08,0.43976613879203796},dt=0.01782800001092255},{cf={143.85711669921875,6.458732604980469,-47.43727493286133,0.4397655129432678,-4.157661237513821e-08,0.8981126546859741,1.2964161300033084e-08,1,3.9945344809666494e-08,-0.8981126546859741,-5.9233080662579596e-09,0.4397655129432678},dt=0.016723615990485996},{cf={143.85711669921875,5.702815055847168,-47.43727493286133,0.4397646486759186,-3.3385482822723134e-08,0.8981130719184875,1.5922053009376214e-08,1,2.9376620247489882e-08,-0.8981130719184875,1.3810044219297879e-09,0.4397646486759186},dt=0.01515207698685117},{cf={143.85711669921875,4.892396926879883,-47.43727493286133,0.4397660195827484,-2.5201352116255293e-08,0.8981123566627502,1.8877404528439e-08,1,1.8816921354414262e-08,-0.8981123566627502,8.678986418431123e-09,0.4397660195827484},dt=0.020245154009899125},{cf={143.85711669921875,4.02747917175293,-47.43727493286133,0.43976515531539917,-1.7024213150307332e-08,0.8981127738952637,2.1830240726217198e-08,1,8.266259676759091e-09,-0.8981127738952637,1.5970805122833553e-08,0.43976515531539917},dt=0.01516961501329206},{cf={143.85711669921875,3.6413686275482178,-47.43727493286133,0.4397640824317932,-8.854055266738214e-09,0.8981133103370667,2.4780561602710804e-08,1,-2.275375887705877e-09,-0.8981133103370667,2.3256379932945492e-08,0.4397640824317932},dt=0.016726076981285587},{cf={143.85711669921875,3.7456557750701904,-47.43727493286133,0.4397662580013275,-6.909538496913115e-10,0.8981122970581055,2.7728331630783032e-08,1,-1.2808008875708765e-08,-0.8981122970581055,3.053568420341435e-08,0.4397662580013275},dt=0.01774646100238897},{cf={143.85711669921875,3.8521676063537598,-47.43727493286133,0.43976494669914246,7.465279949769865e-09,0.8981128931045532,3.0673596995711705e-08,1,-2.333164594858772e-08,-0.8981128931045532,3.7808796093941055e-08,0.43976494669914246},dt=0.013241847016615793},{cf={143.85711669921875,3.9180264472961426,-47.43727493286133,0.43976569175720215,1.5614469717206703e-08,0.8981125354766846,3.361633815757159e-08,1,-3.384629465585931e-08,-0.8981125354766846,4.507569428824354e-08,0.43976569175720215},dt=0.019255383987911046},{cf={143.85711669921875,3.9551305770874023,-47.43727493286133,0.4397650361061096,2.375675656196563e-08,0.8981128334999084,3.655657110357424e-08,1,-4.4351953221166696e-08,-0.8981128334999084,5.233636457546709e-08,0.4397650361061096},dt=0.015488615987123922},{cf={143.85711669921875,3.9755308628082275,-47.43727493286133,0.43976548314094543,3.189202857356577e-08,0.8981126546859741,3.949427451743759e-08,1,-5.484863052629407e-08,-0.8981126546859741,5.9590842482748485e-08,0.43976548314094543},dt=0.01588553801411763},{cf={143.85711669921875,3.9866702556610107,-47.43727493286133,0.4397652745246887,4.00203887807038e-08,0.8981127738952637,4.242947682087106e-08,1,-6.533633722938248e-08,-0.8981127738952637,6.683910669380566e-08,0.4397652745246887},dt=0.014345539006171748},{cf={143.85711669921875,3.9915497303009033,-47.43727493286133,0.4397652745246887,4.61120954753369e-08,0.8981127738952637,4.462923186565604e-08,1,-7.319624728552299e-08,-0.8981127738952637,7.227124854125577e-08,0.4397652745246887},dt=0.01618407599744387},{cf={143.85711669921875,3.996047019958496,-47.43727493286133,0.43976515531539917,5.625627252925369e-08,0.8981128334999084,4.829236033287998e-08,1,-8.628489212014756e-08,-0.8981128334999084,8.131707573966196e-08,0.43976515531539917},dt=0.017962076992262155},{cf={143.85711669921875,3.9974942207336426,-47.43727493286133,0.4397650361061096,6.233758398366263e-08,0.8981128931045532,5.048835660659279e-08,1,-9.41313729185822e-08,-0.8981128931045532,8.673993079355569e-08,0.4397650361061096},dt=0.015322462015319616},{cf={143.85711669921875,3.9986355304718018,-47.43727493286133,0.4397653639316559,7.043989569410769e-08,0.8981127142906189,5.341416908777319e-08,1,-1.0458553845182905e-07,-0.8981127142906189,9.396503486414076e-08,0.4397653639316559},dt=0.017279384977882728},{cf={143.85711669921875,3.999361515045166,-47.43727493286133,0.4397640526294708,8.055823741415225e-08,0.8981133103370667,5.706793260173981e-08,1,-1.1764067409103518e-07,-0.8981133103370667,1.0298761310423288e-07,0.4397640526294708},dt=0.021574846003204584}}